-0.177888296992147 0 0 0
-0.180712234311225 0 0 0
-0.227550052497714 0 0 0
-0.204198618867811 0 0 0
-0.0994149333118699 0 0 0
-0.107379659239782 0 0 0
0.0783826212883662 0 0 0
-0.219096636529134 0 0 0
-0.147392034610942 0 0 0
-0.215197211175785 0 0 0
-0.151102142580183 0 0 0
-0.234947768717479 0 0 0
-0.190971595356921 0 0 0
0.0845648437669791 0 0 0
-0.214054338027165 0 0 0
-0.32193341914486 0 0 0
-0.368564796657138 0 0 0
-0.335381086458449 0 0 0
-0.170498538836187 0 0 0
-0.310527591737681 0 0 0
-0.332204915832243 0 0 0
-0.381226643270458 0 0 0
0.0762834422401483 0 0 0
-0.390421000185542 0 0 0
-0.331342021976756 0 0 0
-0.332909426868485 0 0 0
-0.325408834685087 0 0 0
-0.325070359709017 0 0 0
-0.317849364993272 0 0 0
-0.375095473185773 0 0 0
-0.239186931064568 0 0 0
-0.2525453461079 0 0 0
-0.334684001039955 0 0 0
-0.386265595195825 0 0 0
-0.237090482403245 0 0 0
-0.384241968559672 0 0 0
-0.386265595195825 0 0 0
-0.369290790758266 0 0 0
-0.231209275072792 0 0 0
-0.378763305625176 0 0 0
-0.392118317033559 0 0 0
-0.386265595195825 0 0 0
-0.165220941723515 0 0 0
-0.246799044238442 0 0 0
0.00735652332919713 0 0 0
-0.294136553917095 0 0 0
-0.333836272826298 0 0 0
-0.204501535358285 0 0 0
-0.231337808108539 0 0 0
-0.361140718969766 0 0 0
-0.204917897257332 0 0 0
-0.168904537438372 0 0 0
-0.296634773972764 0 0 0
0.00735652332919713 0 0 0
-0.211019512481338 0 0 0
-0.212781298762248 0 0 0
-0.214128920193722 0 0 0
-0.208744901553589 0 0 0
-0.208602243471273 0 0 0
-0.207542331357722 0 0 0
-0.210942314568182 0 0 0
-0.210370763033554 0 0 0
-0.123733922358742 0 0 0
0 0.0181900010581666 0 0
0 0.091936480002499 0 0
0 0.0538103338744951 0 0
0 0.0538103338744951 0 0
0 0.0554204535346875 0 0
0 0.114546866395559 0 0
0 0.0554204535346875 0 0
0 0.0554204535346875 0 0
0 0.0627286606810748 0 0
0 0.0567602617730968 0 0
0 0.062865048548422 0 0
0 -0.034450104491759 0 0
0 0.0745055652115007 0 0
0 0.169601291407517 0 0
0 0.0398987877203003 0 0
0 0.103011460671552 0 0
0 0.11071012027293 0 0
0 0.18910707879479 0 0
0 -0.0218161457434447 0 0
0 0.115384260896188 0 0
0 -0.0176394344099153 0 0
0 0.0023444299568717 0 0
0 0.137568962231331 0 0
0 0 -0.439183588662102 0
0 0 -0.356995593451399 0
0 0 -0.375050217637272 0
0 0 -0.343872589123025 0
0 0 -0.358862270741187 0
0 0 -0.341946133028634 0
0 0 -0.412310820972721 0
0 0 -0.143221474001537 0
0 0 -0.169586288907018 0
0 0 -0.377748387238537 0
0 0 -0.438919631039692 0
0 0 -0.382147746230874 0
0 0 -0.418475056374922 0
0 0 -0.438919631039692 0
0 0 -0.425746031809847 0
0 0 -0.364908719152866 0
0 0 -0.401085449014225 0
0 0 -0.412550083433859 0
0 0 -0.438919631039692 0
0 0 -0.069880778791471 0
0 0 -0.166032795090016 0
0 0 0.247449590443369 0
0 0 -0.314874111506549 0
0 0 -0.375065769471839 0
0 0 -0.350756895926197 0
0 0 -0.150685992109288 0
0 0 -0.422392837641712 0
0 0 -0.335896953885454 0
0 0 -0.084374852750724 0
0 0 -0.336483960002719 0
0 0 0.247449590443369 0
0 0 -0.316268541360658 0
0 0 -0.142788350993014 0
0 0 -0.143798141525784 0
0 0 -0.317668060951809 0
0 0 -0.131263272233549 0
0 0 -0.332804391976175 0
0 0 -0.342210130976298 0
0 0 -0.334896471376974 0
0 0 -0.255636764079798 0
0 0 -0.304291336554131 0
0 0 0 -0.0257909082981411
0 0 0 -0.0596027185735087
0 0 0 -0.112706643949338
0 0 0 -0.0312105978171393
0 0 0 -0.0854625208023792
0 0 0 -0.105649808764984
0 0 0 -0.0206964080264375
0 0 0 0.104124746508207
0 0 0 -0.0212129382414999
0 0 0 -0.0185650974206642
0 0 0 -0.0185650974206642
0 0 0 0.109337548986095
0 0 0 -0.124918298892428
0 0 0 -0.120625449166415
0 0 0 -0.0541424778199408
0 0 0 -0.120625449166415
0 0 0 -0.108843864325273
0 0 0 -0.0928051845953394
0 0 0 -0.0524994429264123
0 0 0 -0.0524994429264123
0 0 0 -0.116886799890598
0 0 0 -0.0848436152913989
0 0 0 -0.0712203157364272
0 0 0 0.0612247848824062
0 0 0 -0.116025857641806
0 0 0 -0.12038794449216
0 0 0 -0.0787927354883845
0 0 0 -0.0712203157364272
0 0 0 -0.0719056186167346
0 0 0 -0.117568271479827
0 0 0 -0.0671077411326246
0 0 0 -0.116886799890598
0 0 0 -0.116025857641806
0 0 0 -0.0653591715520228
0 0 0 -0.116025857641806
0 0 0 -0.116025857641806
0 0 0 -0.116025857641806
0 0 0 -0.116025857641806
0 0 0 -0.234732007690517
0 0 0 0.113270152074699
0 0 0 -0.373495700607821
0 0 0 -0.341272843531918
0 0 0 -0.33841204127706
0 0 0 -0.344380964908357
0 0 0 -0.222156819675434
0 0 0 -0.195407608556452
0 0 0 -0.345114929690196
0 0 0 -0.343681759588074
0 0 0 -0.374269784894874
0 0 0 -0.374261630556883
0 0 0 -0.376422673782361
0 0 0 -0.344380964908357
0 0 0 -0.375368593817311
0 0 0 -0.347639746600974
0 0 0 -0.380131955301683
0 0 0 -0.204461825940257
0 0 0 -0.3724086412425
0 0 0 -0.380131955301683
0 0 0 -0.347639746600974
0 0 0 -0.364576647628477
0 0 0 -0.380168627964006
0 0 0 -0.374269784894874
0 0 0 -0.234732007690517
0 0 0 -0.338779601779849
0 0 0 -0.376225890279445
0 0 0 -0.376225890279445
0 0 0 -0.376225890279445
0 0 0 -0.351115737133022
0 0 0 -0.376225890279445
0 0 0 -0.372557040565388
0 0 0 0.100340975807786
0 0 0 -0.382029720226316
0 0 0 -0.353897394392056
0 0 0 -0.356725528153875
0 0 0 -0.356725528153875
0 0 0 -0.3493392243746
0 0 0 -0.376225890279445
0 0 0 -0.375530247010583
0 0 0 -0.376613613919532
0 0 0 -0.186052709098196
0 0 0 -0.344122673914938
0 0 0 -0.376225890279445
0 0 0 -0.356725528153875
0 0 0 -0.376225890279445
0 0 0 -0.38119380192704
0 0 0 0.082831801506474
0 0 0 0.082831801506474
0 0 0 -0.376225890279445
0 0 0 0.082831801506474
0 0 0 -0.381429663335147
0 0 0 -0.357194272660592
0 0 0 -0.354668863982596
0 0 0 -0.371313453034057
0 0 0 -0.378913622931205
0 0 0 -0.381296750568428
0 0 0 -0.375666850714499
