-0.0498994657373491
-0.0487080968568125
-0.0612101501116195
-0.0510364300263584
-0.0655222027922821
-0.0506545734477364
0.0456660486840462
-0.0538420712935729
-0.0712007922741659
-0.0568402490971464
-0.0791122477133721
-0.0794028653800822
-0.0755907632276944
0.0494534619836892
-0.0830465914610446
-0.116722708632255
-0.120903660207904
-0.12977114488658
-0.0602593224880986
-0.118647338016713
-0.129109526938515
-0.133575750899679
0.0491673778504495
-0.138845647898139
-0.124028257501022
-0.134509968140227
-0.119750372080537
-0.134481973401462
-0.123956689356482
-0.127113537294514
-0.0666519369925719
-0.0858518151912666
-0.134568536318211
-0.138845647898139
-0.0841860711058268
-0.134428888448272
-0.13942834538157
-0.13942834538157
-0.0842646857264476
-0.133121648469344
-0.138843876221057
-0.139205721804693
-0.0770366930406008
-0.0797540215822626
-0.00921893009798959
-0.119355141915378
-0.134627132547287
-0.0846185585193249
-0.0791372873066821
-0.135124524765007
-0.0831428860211647
-0.0729228322027206
-0.130105765532163
-0.00547078650349524
-0.0795809276549427
-0.0765993070380251
-0.0762385696465245
-0.081404401669247
-0.0777720195781217
-0.0827731808353854
-0.0814172745526254
-0.0814172745526254
-0.0803658008873156
-0.00887292151568755
-0.0122547424383891
-0.00985107379624416
-0.00985107379624416
-0.00978320430531253
0.022823833205913
-0.00978320430531253
-0.00978320430531253
-0.0177411986924921
-0.0190573529236509
-0.0183760191935619
0.00876040713478092
-0.00503606100587677
-0.007266487312375
-0.00465915789018674
0.0174627344689542
-0.0011046299184081
-0.00647384152460556
0.0254870729682965
0.00234836462268116
0.0258660434274606
0.0227499818475631
-0.00923312771004421
-0.138845647898139
-0.124028257501022
-0.134509968140227
-0.119750372080537
-0.134481973401462
-0.123956689356482
-0.127113537294514
-0.0666519369925719
-0.0858518151912666
-0.134568536318211
-0.138845647898139
-0.0841860711058268
-0.134428888448272
-0.13942834538157
-0.13942834538157
-0.0842646857264476
-0.133121648469344
-0.138843876221057
-0.139205721804693
-0.0770366930406008
-0.0797540215822626
-0.00921893009798959
-0.119355141915378
-0.134627132547287
-0.0846185585193249
-0.0791372873066821
-0.135124524765007
-0.0831428860211647
-0.0729228322027206
-0.130105765532163
-0.00547078650349524
-0.0795809276549427
-0.0765993070380251
-0.0762385696465245
-0.081404401669247
-0.0777720195781217
-0.0827731808353854
-0.0814172745526254
-0.0814172745526254
-0.0803658008873156
-0.0672529867786605
-0.0306615883662467
0.00671552995158397
0.0290828096188231
-0.0306615883662467
0.0306960230806958
-0.0108586862789799
-0.0285371013411454
-0.00904522142303213
-0.0283600496825499
-0.0283600496825499
-0.0283600496825499
-0.00993707153238693
-0.000183233476856059
-0.000183233476856059
-8.98626056033858e-05
-0.000183233476856059
-0.000183233476856059
-0.0126745303609878
-8.98626056033858e-05
-8.98626056033858e-05
-0.000183233476856059
-0.000183233476856059
-8.98626056033858e-05
-0.0415278616367913
-0.000183233476856059
0.00628107148219558
-8.98626056033858e-05
-8.98626056033858e-05
-0.000294918832413124
-0.0233826303109056
-8.98626056033858e-05
-0.000183233476856059
-0.000183233476856059
-0.00331556980458307
-0.000388293783930998
-0.000388293783930998
-0.000388293783930998
8.92938161123822e-05
0.0210510764438057
-0.00645794420896353
0.0184634354456642
0.014320658070771
0.014320658070771
0.014320658070771
-0.00628092895665016
0.0274624105585597
0.014320658070771
0.014320658070771
0.0184634354456642
0.0184634354456642
0.0184634354456642
0.014320658070771
0.0184634354456642
0.014320658070771
0.014320658070771
0.0124906323135899
0.0184634354456642
0.014320658070771
0.014320658070771
0.0184634354456642
0.014320658070771
0.0184634354456642
0.0234799991191102
0.0142694855747075
0.0184634354456642
0.0184634354456642
0.0184634354456642
0.014320658070771
0.0184634354456642
0.0184634354456642
-0.00536606518152019
0.014320658070771
0.014320658070771
0.014320658070771
0.014320658070771
0.014320658070771
0.0184634354456642
0.0184634354456642
0.014320658070771
-0.00879450653677295
0.014320658070771
0.0189027346254883
0.014320658070771
0.0184634354456642
0.0184634354456642
0.0322570667901476
0.0328559377851828
0.0184634354456642
0.0327131071278717
0.014320658070771
0.014320658070771
0.0146794344649107
0.0132180004254295
0.0188317079294632
0.0146794344649107
0.0188317079294632
