rs Chr pos Z P
rs17446600 5 86487388 -3.53211945742688 0.000415965540623546
rs13174379 5 86500273 -3.44758574361637 0.000570285844034136
rs62368896 5 86502656 -4.33547493906127 1.48305331355234e-05
rs74665360 5 86503644 -3.61280697773857 0.000305877220198381
rs6869531 5 86508346 -4.64216817600914 3.53598003612447e-06
rs11953892 5 86518243 -3.58570601361878 0.000339379363362366
rs55762997 5 86522570 3.23180292958761 0.00123809751932866
rs16902601 5 86539266 -3.81197726603125 0.000139518446614845
rs10942498 5 86540308 -5.04645716609622 4.66032109382856e-07
rs3797761 5 86541971 -4.02491577221631 5.78387993635411e-05
rs6878991 5 86543312 -5.61054681214504 2.12550483379458e-08
rs62368900 5 86543622 -5.63128760003906 1.88644849283077e-08
rs62368901 5 86545415 -5.3593384728553 8.72787601611062e-08
rs11948323 5 86548999 3.50047146007791 0.000468490736250405
rs72781788 5 86554030 -5.89145728753853 4.07861502327425e-09
rs7722818 5 86558707 -8.3086846632602 1.23389590490392e-16
rs6874962 5 86560187 -8.61063529714168 9.60957008473908e-18
rs7713115 5 86572124 -9.25261055720712 3.17454994874821e-20
rs7719891 5 86577352 -4.26788105728983 2.00991039495317e-05
rs388340 5 86584820 -8.44762579505577 3.85319226001079e-17
rs398463 5 86585704 -9.20463581186499 4.93071786762237e-20
rs1567348 5 86585874 -9.52873342462703 2.414456028515e-21
rs56343304 5 86586566 3.48017231147341 0.000505372040131487
rs11745383 5 86592050 -9.91191259409009 6.0089494851931e-23
rs10054562 5 86593353 -8.83659813992577 1.34479260502658e-18
rs6893772 5 86597231 -9.59660020665843 1.26785329421727e-21
rs12659717 5 86599292 -8.52729847590525 1.96066084874797e-17
rs13362486 5 86603825 -9.59456613397513 1.29264947978065e-21
rs62368944 5 86604156 -8.83141955595033 1.40754519451816e-18
rs10058449 5 86607633 -9.05997956622869 1.83580543341485e-19
rs35148638 5 86610989 -4.7225625905448 2.3926416132435e-06
rs3804239 5 86627754 -6.09191768508895 1.199201466098e-09
rs2271235 5 86628891 -9.60085579379363 1.21748849425743e-21
rs9293487 5 86629897 -9.91191259409009 6.0089494851931e-23
rs66507804 5 86630284 -5.97286685496332 2.49243265754118e-09
rs10942502 5 86635942 -9.59070909299296 1.34099356556971e-21
rs62368949 5 86638676 -9.95433314337079 3.9587695985412e-23
rs1896694 5 86639645 -9.95433314337079 3.9587695985412e-23
rs10071944 5 86647138 -5.97848430463798 2.40859206999933e-09
rs10045850 5 86652624 -9.49575422974227 3.29674147448434e-21
rs1973017 5 86653508 -9.91178363150563 6.01656237500136e-23
rs16902632 5 86654813 -9.93812483885494 4.644029263131e-23
rs62368950 5 86656090 -5.46246025329972 4.92323023220564e-08
rs4421140 5 86656964 -5.65635082763277 1.63226660778794e-08
rs2923742 5 86663270 -0.651774107653898 0.514576876489394
rs10067098 5 86670970 -8.49874714440524 2.49948548525432e-17
rs3827607 5 86677220 -9.60511352168352 1.16908073901836e-21
rs72783711 5 86685558 -6.00377186766285 2.06398506184428e-09
rs2230641 5 86695274 -5.6123337799063 2.10380118667679e-08
rs3093816 5 86697387 -9.64125924651328 8.27867339542781e-22
rs3093809 5 86699541 -5.89833610070114 3.91332667785361e-09
rs116454645 5 86710074 -5.16915395526683 2.44316149128638e-07
rs10065575 5 86714840 -9.27687910115239 2.53857462793149e-20
rs2641385 5 86721304 -0.386771435143533 0.698941891973178
rs7702514 5 86727027 -5.64399625360838 1.75309953736116e-08
rs62368955 5 86734184 -5.43126284153616 5.86059149047748e-08
rs62368956 5 86735368 -5.4055349159943 6.76175333919733e-08
rs4428447 5 86738344 -5.77417268467576 8.20025818533234e-09
rs62367571 5 86749658 -5.51491601597068 3.66499005861831e-08
rs7704035 5 86750847 -5.87192707258087 4.58581286929264e-09
rs7728691 5 86767630 -5.77509187598218 8.15591203851013e-09
rs4605823 5 86774931 -5.77509187598218 8.15591203851013e-09
rs112755386 5 86779121 -5.70002069186979 1.26664040187863e-08
rs78956323 5 85816543 -0.627309496785675 0.530485035211215
rs34361574 5 85827975 -0.866432884754304 0.386294407741553
rs1911944 5 85830432 -0.696470574018276 0.486166567294391
rs11749261 5 85830796 -0.696470574018276 0.486166567294391
rs4352632 5 85833857 -0.691671742480598 0.489175623929559
rs112934562 5 85838601 1.61398635281677 0.106593513383615
rs6452715 5 85839447 -0.691671742480598 0.489175623929559
rs6452716 5 85839578 -0.691671742480598 0.489175623929559
rs62376304 5 85886353 -1.25443869956022 0.209741254420292
rs62376306 5 85899092 -1.34753353240706 0.177869541995293
rs17476297 5 85910124 -1.29934027403812 0.193887109932157
rs4920669 5 85949557 0.619354192380592 0.535711281693513
rs2898540 5 85966342 -0.356036575903717 0.721828200936808
rs79128709 5 85975900 -0.513729034568764 0.607464159296153
rs6885407 5 85976245 -0.329389892020322 0.741874809394286
rs10491416 5 85986822 1.23474309105994 0.216984178522847
rs17477971 5 85994747 -0.0780935548573486 0.937756760128052
rs16902342 5 86002702 -0.457687752225642 0.647196683839977
rs254740 5 86003088 1.80243325236502 0.0715374892313296
rs1374024 5 86003548 0.166021698517122 0.868146589422289
rs254744 5 86008808 1.82925166813744 0.0674214631752439
rs254741 5 86012253 1.60876124858362 0.107731715416602
rs62374176 5 86015174 -0.652777957793621 0.513929459159128
rs11745383 5 86592050 -9.91191259409009 6.0089494851931e-23
rs10054562 5 86593353 -8.83659813992577 1.34479260502658e-18
rs6893772 5 86597231 -9.59660020665843 1.26785329421727e-21
rs12659717 5 86599292 -8.52729847590525 1.96066084874797e-17
rs13362486 5 86603825 -9.59456613397513 1.29264947978065e-21
rs62368944 5 86604156 -8.83141955595033 1.40754519451816e-18
rs10058449 5 86607633 -9.05997956622869 1.83580543341485e-19
rs35148638 5 86610989 -4.7225625905448 2.3926416132435e-06
rs3804239 5 86627754 -6.09191768508895 1.199201466098e-09
rs2271235 5 86628891 -9.60085579379363 1.21748849425743e-21
rs9293487 5 86629897 -9.91191259409009 6.0089494851931e-23
rs66507804 5 86630284 -5.97286685496332 2.49243265754118e-09
rs10942502 5 86635942 -9.59070909299296 1.34099356556971e-21
rs62368949 5 86638676 -9.95433314337079 3.9587695985412e-23
rs1896694 5 86639645 -9.95433314337079 3.9587695985412e-23
rs10071944 5 86647138 -5.97848430463798 2.40859206999933e-09
rs10045850 5 86652624 -9.49575422974227 3.29674147448434e-21
rs1973017 5 86653508 -9.91178363150563 6.01656237500136e-23
rs16902632 5 86654813 -9.93812483885494 4.644029263131e-23
rs62368950 5 86656090 -5.46246025329972 4.92323023220564e-08
rs4421140 5 86656964 -5.65635082763277 1.63226660778794e-08
rs2923742 5 86663270 -0.651774107653898 0.514576876489394
rs10067098 5 86670970 -8.49874714440524 2.49948548525432e-17
rs3827607 5 86677220 -9.60511352168352 1.16908073901836e-21
rs72783711 5 86685558 -6.00377186766285 2.06398506184428e-09
rs2230641 5 86695274 -5.6123337799063 2.10380118667679e-08
rs3093816 5 86697387 -9.64125924651328 8.27867339542781e-22
rs3093809 5 86699541 -5.89833610070114 3.91332667785361e-09
rs116454645 5 86710074 -5.16915395526683 2.44316149128638e-07
rs10065575 5 86714840 -9.27687910115239 2.53857462793149e-20
rs2641385 5 86721304 -0.386771435143533 0.698941891973178
rs7702514 5 86727027 -5.64399625360838 1.75309953736116e-08
rs62368955 5 86734184 -5.43126284153616 5.86059149047748e-08
rs62368956 5 86735368 -5.4055349159943 6.76175333919733e-08
rs4428447 5 86738344 -5.77417268467576 8.20025818533234e-09
rs62367571 5 86749658 -5.51491601597068 3.66499005861831e-08
rs7704035 5 86750847 -5.87192707258087 4.58581286929264e-09
rs7728691 5 86767630 -5.77509187598218 8.15591203851013e-09
rs4605823 5 86774931 -5.77509187598218 8.15591203851013e-09
rs112755386 5 86779121 -5.70002069186979 1.26664040187863e-08
rs34734977 5 86803812 -4.76534205379638 1.93876610770804e-06
rs13357535 5 87405162 -2.16868770901486 0.0301534116165346
rs12187018 5 87412600 0.474775401280723 0.63496781191305
rs56270757 5 87415955 2.05692392280563 0.0397453288327223
rs10040137 5 87421345 -2.16868770901486 0.0301534116165346
rs72770076 5 87423413 2.17112556491077 0.0299685839670498
rs17286052 5 87430302 -0.767716752376028 0.442691748455913
rs10214259 5 87430946 -2.01829615487069 0.0436137444287249
rs13180638 5 87432646 -0.639491969895845 0.522532244611616
rs1816739 5 87434054 -2.00576400539159 0.0449352316955813
rs10065580 5 87434708 -2.00576400539159 0.0449352316955813
rs10514297 5 87435486 -2.00576400539159 0.0449352316955813
rs71637297 5 87437764 -0.702551208802539 0.48236819656304
rs10061672 5 87457441 -0.0129539720481259 0.989665031786844
rs2162713 5 87457822 -0.0129539720481259 0.989665031786844
rs10067455 5 87457922 -0.00635297482910821 0.994931347113016
rs919238 5 87458278 -0.0129539720481259 0.989665031786844
rs4298283 5 87466943 -0.0129539720481259 0.989665031786844
rs6452775 5 87470240 -0.896117354509084 0.370233246636341
rs6452776 5 87472212 -0.00635297482910821 0.994931347113016
rs10074260 5 87476940 -0.00635297482910821 0.994931347113016
rs6452777 5 87479906 -0.0129539720481259 0.989665031786844
rs1133152 5 87485064 -0.0129539720481259 0.989665031786844
rs2162714 5 87485145 -0.00635297482910821 0.994931347113016
rs115512170 5 87486787 -2.93841073675018 0.00331408405745715
rs357511 5 87487318 -0.0129539720481259 0.989665031786844
rs357508 5 87487967 0.444058746726399 0.657019335644309
rs357507 5 87489270 -0.00635297482910821 0.994931347113016
rs358294 5 87492891 -0.00635297482910821 0.994931347113016
rs358288 5 87495504 -0.0208497403373327 0.983366351574433
rs28505226 5 87497612 -1.65352302358884 0.098287265308339
rs357514 5 87501223 -0.00635297482910821 0.994931347113016
rs357516 5 87503631 -0.0129539720481259 0.989665031786844
rs357517 5 87504483 -0.0129539720481259 0.989665031786844
rs115873146 5 87506623 -0.234400583690827 0.814683606837724
rs168570 5 87506937 -0.0274510269878523 0.978101095873567
rs357518 5 87507052 -0.0274510269878523 0.978101095873567
rs184826 5 87507067 -0.0274510269878523 0.978101095873567
rs357519 5 87510854 0.00631276338271389 0.994963428956993
rs17468356 5 87522417 1.48856801789868 0.136664249447942
rs35541151 5 87545044 -0.456563796616419 0.648004445802902
rs12163987 5 87572026 1.30552344666487 0.191774759870327
rs12657757 5 87576769 1.01252472858535 0.311336242779984
rs12655529 5 87576797 1.01252472858535 0.311336242779984
rs4916897 5 87581588 1.01252472858535 0.311336242779984
rs17481705 5 87582787 -0.444048670067943 0.657026620303845
rs76726500 5 87585667 1.94222979484333 0.0521653928573788
rs4916898 5 87586062 1.01252472858535 0.311336242779984
rs4916899 5 87588026 1.01252472858535 0.311336242779984
rs16903057 5 87588420 1.30552344666487 0.191774759870327
rs34241164 5 87589006 1.30552344666487 0.191774759870327
rs13167796 5 87590501 1.30552344666487 0.191774759870327
rs13172095 5 87590947 1.01252472858535 0.311336242779984
rs13177755 5 87592237 1.30552344666487 0.191774759870327
rs12659252 5 87593289 1.01252472858535 0.311336242779984
rs1367233 5 87597012 1.01252472858535 0.311336242779984
rs13155030 5 87600719 0.883113311684864 0.377217526531691
rs13159835 5 87601393 1.30552344666487 0.191774759870327
rs4916717 5 87601619 1.01252472858535 0.311336242779984
rs6872223 5 87602372 1.01252472858535 0.311336242779984
rs147762489 5 87603572 1.30552344666487 0.191774759870327
rs4382978 5 87604588 1.01252472858535 0.311336242779984
rs12659578 5 87606209 1.30552344666487 0.191774759870327
rs141354585 5 87609135 1.66041233375423 0.096894258729783
rs2121102 5 87609356 1.00890590124794 0.313068605057418
rs10942528 5 87609915 1.30552344666487 0.191774759870327
rs60331678 5 87611364 1.30552344666487 0.191774759870327
rs10462333 5 87611688 1.30552344666487 0.191774759870327
rs4916718 5 87612642 1.01252472858535 0.311336242779984
rs6872897 5 87618065 1.30552344666487 0.191774759870327
rs16903077 5 87618825 1.30552344666487 0.191774759870327
rs13167167 5 87618838 -0.379367674522422 0.704430968310589
rs2305104 5 87620670 1.01252472858535 0.311336242779984
rs4916719 5 87623661 1.01252472858535 0.311336242779984
rs11741675 5 87628801 1.01252472858535 0.311336242779984
rs4916904 5 87634597 1.01252472858535 0.311336242779984
rs78909929 5 87639971 1.01252472858535 0.311336242779984
rs10462472 5 87642469 1.30552344666487 0.191774759870327
rs71639107 5 87646127 1.30552344666487 0.191774759870327
rs113828108 5 87649879 1.01252472858535 0.311336242779984
rs11748762 5 87650585 -0.621765180554656 0.534124644340335
rs11748768 5 87650635 1.01252472858535 0.311336242779984
rs11748798 5 87650742 1.33659664515546 0.181415174534003
rs11750391 5 87652072 1.01252472858535 0.311336242779984
rs11740836 5 87652128 1.30552344666487 0.191774759870327
rs13154590 5 87653025 1.30552344666487 0.191774759870327
rs72771828 5 87653036 2.28165019581425 0.0225518613199327
rs62369795 5 87653166 2.32405570389945 0.0201623988729674
rs2115884 5 87654656 1.30552344666487 0.191774759870327
rs17318496 5 87654927 2.31394176969105 0.0207112772697274
rs12515274 5 87655662 1.01252472858535 0.311336242779984
rs35339529 5 87656101 1.01252472858535 0.311336242779984
rs4916905 5 87658061 1.03789697814837 0.2993682297017
rs4916907 5 87659980 0.934548467637406 0.350066194974439
rs13189889 5 87661406 1.33157262150223 0.183061391766852
rs12657776 5 87661593 1.03789697814837 0.2993682297017
rs10514299 5 87663610 1.33157262150223 0.183061391766852
