-1.46618124676459 1.31400623336032 -0.0306648003775317 0.713772927015997
1.89515399286682 -1.11902115680809 1.28114184896382 0.127251361067714
0.921072420000682 0.648418555158199 -2.00718756621146 0.746874502097764
-0.975529312140033 0.526070515386619 -0.166658590820269 0.409949298850468
0.678047112151394 0.393573557281914 -0.641559819922135 -1.72094842306726
1.67102916040832 1.02315297585829 0.535780587577907 0.49266790116868
1.20513112816715 -0.921680826756986 0.841923422079011 -0.381645528908478
-0.268545058741777 0.292751336577672 0.348104112589318 -0.0956860505150711
2.01222011327058 -0.058480592989427 0.46146076417449 0.355551048600912
-0.911125915307136 0.163115662431417 0.172968047204455 0.850163963306754
1.95108251237072 1.06983751139147 -0.297209959840826 -1.26103887758764
-0.533652310530386 1.32613030201056 -0.0821106238420862 -0.203737394854116
0.7100003992622 -0.584078672664141 0.99312306358277 1.30809365886521
-0.340991980759372 0.142134049685422 1.05598433897906 0.274896189987547
-0.379023406950332 -1.13135814995959 1.03392330987368 -0.478485965301153
-0.515791069482361 1.3612974020524 0.269902747373088 -0.194324025830548
-2.68566884041882 -0.141822626813842 -0.783488005791338 0.14609919172108
2.08294969918888 -0.989324720204843 1.36128584549376 -0.764359162830962
-1.13669726359624 -2.06313561805349 0.11172125618293 1.00889845478928
-2.54447577298638 -1.14662912176527 0.69723774805233 -1.06406224155086
0.321908789043886 -1.51071351943536 1.19649519832216 -1.98985625060322
-0.119610208860538 -1.10983990876192 -0.673592089838038 -0.321960620464055
1.67278153466696 -0.0172157206046533 1.03873326621631 0.771724445445911
-0.47703392812826 -0.79746976531423 -0.892018319177479 -1.8307111108055
-0.452075294014872 -1.64680643949369 -0.622773301127173 0.0183853022358156
-1.51176009500992 1.36289394961069 -1.22377394920303 -0.841173731553535
-0.265151513128876 -1.3764813493956 1.41531197280008 0.610825319811304
1.12032737652507 1.79265742145066 -0.472314317413806 0.904619259942032
0.567604865159446 -0.129552025692642 -0.25308850747256 -0.354040849576772
1.04248849838271 -0.196268505633831 0.497399281035561 1.43239775177428
0.044018895827785 -0.576754155908251 1.56188326562431 0.771956277682034
0.972483503527013 -0.0402175989997136 2.38155106508159 1.42315894425551
0.16869215733425 -1.11272303713363 -2.07995950725157 -0.114196749025106
-0.195807728346056 -0.812775170144526 0.305895876932805 0.460590425128162
0.229369936222837 0.783361888252222 2.56136426944215 -0.286948424860568
-0.129209208863364 0.23980250248328 -0.475246267795353 1.38745327585691
2.98204760579978 -0.814460051040814 0.401243650048756 -0.967146623820487
1.45144375523952 -0.785137003950839 -0.15465960455664 -0.91405315388154
0.854448479735634 -0.135040339889304 0.956894844296735 0.5408218444976
-0.266374916789107 1.06111036353176 1.26580389248953 -0.278901244099551
-0.554486107093323 -0.332209589050751 -1.37460835207958 0.720810192114223
1.09904763192658 0.154365298275476 -1.25034687298636 1.96743721088355
-0.396271377794071 -0.364972230019062 0.518746097879111 0.0904459338851318
0.379826824893543 -0.108706748263188 -0.741209719708438 1.62146528124014
-2.05050313029288 -0.0072489020749812 -1.68913335255773 -1.42060302398575
-0.539053766321887 -1.68038527978057 0.966667930806103 -0.103071310471158
0.146987087548727 -0.279623975058777 -1.17356394161546 -1.02564678151663
1.08114677061687 0.35271513152244 -0.286507897169476 0.402208970119666
0.0271287451136288 -0.4082177913915 -0.0263856204842006 -0.0692129059188433
1.15087554046038 -0.671632762110649 -0.335822114885542 1.02874496838855
-1.03753410189044 -1.7092345972852 0.36481767529879 0.155184459098086
1.52388282314244 0.0734040361581941 1.40804729684864 -0.677660532858782
0.0450206778843763 1.14604144528463 -0.72910810816102 0.472994654438837
0.765240278285019 0.44961740443009 -1.1414641414338 1.03838901907417
-1.03051359127119 -0.219199170595432 0.521347948107903 -0.587863375919437
-0.845047474643581 -0.910803971107311 1.32812697934968 -0.400126970372251
-0.246335668509421 -0.714415910206152 1.56581481824963 -1.78578197143213
0.816517643505291 0.0221125056388541 -0.0981963235014517 1.12126350702066
0.323314359664515 2.11864380348823 -0.307626778090984 1.09181751980381
2.36505498177159 -0.308810297659154 1.4408337944282 0.481376065629174
2.58239542751842 0.815158079057689 -1.23570377431585 0.179613649019009
-0.463634099437785 -0.902143763085239 1.36716663598302 -0.156340527100438
-2.17346586987169 -1.00390897106845 -0.960815002967375 0.604538212328245
0.248278514627211 1.55966138548397 0.859064301988329 -0.784111559364966
-0.768183794531184 0.401243286446186 0.129193431933116 -0.159250796129089
-1.17827914467761 -1.93048935131877 -0.827005582471309 -0.720192703999624
-1.86465030988224 -0.24457052940604 -0.117363504281078 0.212149474922726
-0.122338808424375 0.219815274217823 0.190661611739949 0.409159460568676
0.558172521667126 1.06698206897065 -0.843549497663892 1.22353845911586
0.248030350227586 0.276995601848868 -1.44068587487944 0.131590739437129
0.5741342154809 -0.357496993663268 0.477607376556142 0.380649761580291
-0.407444877723002 -0.226359292486857 -1.29932020189673 -1.19415768241059
-0.30962137822895 0.69086749314897 0.0966525560010509 0.276068296877294
0.216573802888178 0.255393667302529 -1.34914076832082 -0.398610458188339
-0.443651942909607 0.307244796190776 1.7780492964504 0.136271909848739
0.815134634963463 -1.3496736196294 -0.202592398435997 -1.00149308448931
1.02134131281659 -0.406624649650521 -0.358687885244388 -0.788541934678324
-1.36634351358748 -1.82835534073684 -0.82589322774683 0.808009100738368
-0.584626169145373 0.354939320243163 2.0286114514575 0.860513593809035
-1.21169324863514 -1.68361806205644 -0.791428274215576 -1.86788483730322
-1.13853754672893 -1.35844760698345 -0.525148238937857 1.19808455445988
0.353546851771345 0.88558038487923 2.15465816801832 0.971980795917688
0.87375832951389 0.809373979296123 0.217175777071321 0.156704560465759
1.279959439154 0.760379700762792 0.323459142231509 -2.51353974695386
-0.201679999966794 0.330867771192611 -1.05638754574449 1.11768241246169
-0.8300654608564 -0.566628498160418 -0.562208331038441 0.624228921863021
-0.367896791237199 0.894061992442228 0.694672615378839 0.285534742051209
-0.104301160713193 1.88470540013647 -0.949763335749615 -0.710462497637883
-2.28426164911649 -1.45315527485105 0.222216885789613 1.69961932849181
-0.0906281388553093 1.71335098333419 -0.111389806462981 -0.531519379103507
-1.91816306548363 0.211892846487178 -0.911852213081635 -0.588134118160445
-0.695039634939159 0.308376514615063 -1.12756546469357 -0.681730946380195
1.45281544326325 -0.0262738993518949 0.869383717761142 0.205579240704283
-0.875443433269956 -0.851756049078687 -0.459678563709455 -0.407551116278921
-0.778038921123609 2.10833350416148 0.952184718295363 1.48168482052564
0.563734178042925 -0.746366651787528 -0.106685668184703 -0.988058103545852
-0.188113525466455 -0.213686381399585 0.496822920259194 -0.253550773179045
0.97396985617582 0.0254070715406729 -0.909466078114303 0.111536946135984
0.779647634980375 -1.33173053125647 -0.753093916892193 1.28652773215242
-0.260700121152843 0.353738102245145 0.358567679205588 0.137820882716399
1.62180994748174 -0.439689817401168 0.47947582250846 0.740076917297381
-0.607574093016274 -0.384424417754367 -0.418849687927056 -1.22767809194522
0.122745062723913 0.595064710880437 0.0280664502195325 -0.432072027739116
0.303667245628326 -0.287335072192801 0.158204893682345 0.388142260545295
-0.822888771281098 1.63989755181461 -0.947928668603991 -0.213555786986762
-1.05152375400379 -0.674601224943091 0.473181253302014 0.864727369596777
-0.705230375050884 -0.464973769579433 0.876806887023073 -0.235669238000417
0.970977559173103 0.0764124272880056 -1.11919290787932 0.363939113951298
0.679692316180111 0.114618750834904 0.930545773054799 -0.378857671520749
-1.03762307777899 0.00153752654143326 -0.447439432943875 -0.490848729269591
1.11018038110684 0.298497976142926 1.71871340730811 -0.628648389876363
0.278795325810409 1.39551161934964 0.287114004535104 0.612552542622302
0.244119660008104 -0.526988366038236 -0.226237123310172 0.0718515899916473
-0.253534271374165 0.272634919432653 -2.66580169667211 -1.19237890829951
-0.154230430443053 0.27299684274423 0.750198631181093 -1.26738572566914
-0.397870151384975 -1.3477287880791 -0.496768909596646 0.246736728634166
1.13172671726098 0.636908312232034 -0.644391609837392 0.0401683072773434
0.337618281628613 -0.970412022056776 -0.353643029099952 0.147731427706136
1.80459451222969 0.947504076110804 1.88622611990771 -0.347122213990388
-1.13725301232754 -0.145302198001491 -1.04936789518986 0.419632269134844
0.321457641409073 -1.70819020784221 -1.53242343462759 -1.22643314320791
0.774613797420243 0.342291801142926 -0.0844332120203567 0.404802031408389
-0.238940532381919 0.221546311104942 -0.522258608869075 0.479127888928916
0.490524252491753 0.0307457377190638 0.0482068285850575 -0.14778390127569
-1.02149432310749 0.890910638005974 -1.54627079362294 0.685425798014709
1.22533598808205 1.41675812077383 0.526874488791284 -2.07426228370782
-0.932617315017215 -0.497142633680328 -1.10457612389892 1.54743367952979
0.535007975260291 1.03215396381892 2.15951771045193 -1.28509333712777
0.0517495811866602 0.454203722311586 -1.71839820122889 0.141811544545968
-2.65736717182991 -1.0609916854305 0.793547168483131 0.442312075890822
-0.903641151612713 0.436766425149088 -1.32579019747341 -0.739198432826351
-2.69323960190974 -1.59083549739362 -0.608870660723615 -0.429977962312963
-0.901154368724341 -0.269067118955213 -0.925666471241528 -0.869172246994613
0.287260404529733 2.05293228660323 -1.27050667942777 -1.29183067532205
-0.117518121095154 -1.85877381203196 0.728426846182062 -0.00814198374126705
0.338474427742481 1.64387229595845 1.40569471856945 0.0211868823847228
-0.0483145271147738 -1.02613888094117 0.346167613602093 -0.50339773565789
1.21597037916577 -0.455085199176154 0.559774499753542 1.55027385226277
0.427640853909895 -0.427973727129789 2.09947172497357 1.19205902263003
0.601604212744635 0.133660638135636 0.661216088410454 0.525347713247083
-1.83352602477277 0.375333928893173 -1.89691181083598 -1.18627999360971
-0.209313173241201 1.05570338843463 -0.993640183827155 -2.08144757253363
2.30031947565846 0.102973422550986 2.20696260870333 0.13690565872661
1.03570712400117 0.600863148499465 -0.0609001332068522 -1.24530484074169
0.372118903586935 -0.713532893041949 -0.869798165886588 0.123348694097902
-0.696929928702693 -1.48783254633248 -0.585233722092375 -0.0375869409956004
0.301538211329866 0.481424860194837 0.525257305997286 -0.41542925638516
0.795317815072285 -0.373780311191514 -0.314691447401506 2.1728283415713
-1.81287324144596 1.61241241479448 -1.49728400031568 0.650113605881841
0.0515929665914258 2.17793059303922 0.565852346715067 2.10870029848717
-0.623931144407389 1.84437302601698 -0.344798522514942 0.121545014924416
-0.100617648018369 -0.444761908744626 0.620876238484241 0.398880181717307
0.244914485156458 1.04036357676389 1.22313606127951 0.527456162995791
1.17116241941417 -0.664630781095489 1.20865268338112 -0.376857652904719
-1.47211949631065 1.23261850350853 -0.70814006431429 1.15976793182959
0.670980026991285 0.686005621106364 0.869679349399548 -0.0309366968343528
-0.350177574071236 0.409042607113147 -1.01377530879429 -1.53726845251196
0.349773050452177 0.571181429665635 -1.80981007810166 1.21092388148062
-0.994441275143773 1.19910458455294 -1.19454715258477 0.617989175774872
1.09766809835022 -0.134989802671006 1.43723278473237 -0.960460208150533
0.049303378872599 0.498822565243135 0.464707731118734 -1.23465678058844
0.779382117869391 -0.661230567655345 -0.75603504076686 -0.81982592676836
-0.945790531664949 -0.436434489453871 -0.879558374930419 -1.21443823290483
-0.833501731590982 -0.874488204575456 0.385554281656529 -1.55598377472884
-0.405158827919588 0.958722120179256 -0.671274980983797 0.800126912370786
1.08283852571036 0.467738049279633 1.63656199773171 0.244923466406673
1.5254220227444 -0.373305208770428 0.430690374318173 -0.762211713180714
-0.575463988333639 1.5994717167875 -0.492816764280616 -1.81250128697174
-0.146970449030219 1.03809803389162 -0.307648108954425 -1.23831240146727
-0.460669346543462 -0.189508792414048 -1.13984740736371 0.163757423911937
-0.591071203470572 -1.15364002364652 0.0135874910909603 -1.27876175176297
0.140410755303248 1.16018710272428 0.604916627451817 -0.336916623164055
0.10494950103307 -0.0870638102264458 -0.0408188543286357 0.209982747544984
-1.57776250954643 0.676657879391864 -1.89460582872354 -1.01888987957673
1.29198721186188 0.0711469917882263 0.405235487222586 -0.87551292471745
-2.31738628993539 0.281935921371436 -0.302809598497702 0.299119548162325
0.331048568603439 0.506400280499251 2.2775934123676 0.843331747331323
0.803828516291263 0.347104107539122 -0.228235859331265 -1.20459271232161
2.14978380077316 1.27883230859146 1.03983502904652 -0.158316589762501
-1.63197632857803 -1.32708953517306 -0.554851168818478 0.371812305340095
1.10445903499678 -0.17690236983079 -1.29059373677477 -1.68867195367064
0.564332560344736 0.399771211041874 0.618994831211443 -0.427919204256201
-1.32729592067007 -0.336263647952187 -0.968161209586635 1.40055370377197
-1.25906409855901 1.50743357101008 0.865421943186099 -0.534289965017684
-0.533651061506002 -0.780301998454081 0.344495697469271 0.435819685858352
0.106425154845255 -1.42116622221763 -0.381684645735268 0.111957134887713
-1.56332173070081 -2.03840699311869 -1.18851810175695 -0.154142258936132
1.19484234900121 1.37360578868355 -1.96736786807942 0.452170254985729
-0.202094065046302 -2.0262705296098 -0.87947190490845 1.22282851063338
1.07759178941207 -0.591567552071891 1.76345042438793 1.42312980555383
0.205154363007038 1.24795330166065 0.392159476483761 -1.40737589171729
0.548898676418112 0.251621802435026 -0.421595429533877 0.345796035620787
1.14479141409015 0.563460189654842 -0.000722587167486688 -0.68853572684569
0.319516670942899 -0.0123908546023742 0.722058710056336 1.38126334278452
-1.07454772244758 0.360581213332081 -1.53388283515554 2.46584629951392
-1.30466713634268 1.6447883252662 -0.626402114110632 -2.25102446202479
1.15808171932858 2.39092213346699 -0.438159409454584 -1.28842862219188
-1.88852962991998 -1.7992269688759 0.0705523198690387 0.460731636259753
1.50126161691776 0.264953398339919 0.136914411008274 0.692151902350934
0.626415601155351 -0.646571945206262 1.05918466910121 -2.66894535609057
-0.403279974065692 -1.75603587640933 0.0833146055414109 -0.458162007820428
-0.762426436800122 -3.03391397819983 1.02399236692382 2.95610704349897
0.23867521881955 -0.115358606233599 0.560927460551846 0.531079103806346
0.742205148557331 2.55426466941197 0.60924245485157 -1.67068995686268
-0.328069172381728 0.856212106530283 -1.00742547820299 -0.701995782634328
-0.160794081148769 0.187747405517471 -1.78577599318567 0.264350305124788
0.345723545038682 2.04311045189613 -0.00422754895628863 1.36874684592133
0.632471964574425 -0.391771496196091 1.26218100043134 -0.730771636475128
-0.659926843807321 -0.327165652590988 2.1976231844101 -0.0424491633591059
-0.61224435848629 3.04529944716049 -1.31917684839649 0.497450246179878
0.331993761148038 0.392622346776759 -0.209258722638819 -0.288867900715159
-1.10668549208057 -0.10556990685184 0.212863383362882 -0.0738190678332292
-0.532197897466888 1.17308080207293 -0.10551202151212 -2.27590300454656
0.105586702546161 0.211739787559313 0.378823317862143 -0.137080323288223
-0.180137050099248 -0.12790544402995 -0.11210068085745 1.30501310425934
0.995586096653563 0.464094094973342 0.736151603745415 -1.53600896054554
0.057563861261677 -0.350564875663549 -0.263056859035693 1.30856655092967
-0.730980428829286 -0.0749235483130768 -1.36343475382858 1.10258302925926
-1.38145440829807 -0.172004415901201 -1.67332493586811 -0.260230689631917
-1.08230044769269 1.40860746881375 -1.32726191391178 -0.891419203921436
-0.103664549562548 0.735366309811563 1.16323480872585 1.62656878027888
-0.327631254018841 -0.244656115399709 -0.54952914371814 0.200849408190511
0.750793678776176 1.70513840470912 2.20904198726921 1.6644078202796
1.33439007129655 1.38800927469175 -0.305973927720851 -0.771527326269477
-0.765798932177516 0.924145230614431 1.6197770366752 -0.746010780134935
1.30452876199684 -1.35159966769241 0.758718917473384 -0.316049343648959
0.615904725256066 -0.66127995570461 1.62117963645399 -0.0210407634572583
0.0560321017792019 1.75841811905778 -0.740020472374568 1.3806698144195
-1.37602046331265 0.623499266503986 0.866644015592203 -0.132216691072866
-1.34865027653551 -1.84025861226089 0.451930056115323 0.72407329553371
1.60143174193461 0.218907925793925 -0.0141854216453497 0.618917228660794
-0.3843165843834 -0.438651048086813 -1.06158652177829 0.363272072839189
-0.387616116694146 1.16252847322523 -2.14710141613617 1.91737482410443
0.148435545464027 0.0506132646855469 -1.11877144933269 0.283889600010732
1.64705294141088 0.00869850907353413 1.19228445854291 0.0278952025921042
0.95423478344626 -0.647374153035734 -1.59505486703786 1.61708282781083
0.399194952247812 -0.833970598465379 0.512593937253732 -2.28981031362517
0.351553664756374 0.762181217080842 0.404416311165047 0.399771868520058
-0.131330310072342 0.780782436049163 1.83109906714101 0.522508061277073
0.0547085616798317 -1.21482834568975 -0.148565200161779 -2.00721185326597
-0.50008451283289 0.664700365927188 -0.861513638444136 -0.10223899524237
-1.50386669813159 0.286644037332704 -0.15147123426463 -1.68671151878969
-0.52735378284281 1.06713666301039 -0.577771519005534 1.06930097473064
0.184172094524087 -0.26636378080506 0.366418523251435 -0.7780549378673
-0.692674687706334 -0.353445523002187 -2.77054723563527 0.698075105647212
0.636785231855916 1.24089511014557 0.580936461283653 -0.0717299496252177
0.864523674960294 0.735057896954018 0.754685490815314 0.48993377374044
-2.14662690148968 -0.579233760087767 0.0470400187651274 -0.216273700740964
-0.529476006783319 -1.10134503704064 -1.29701203569103 -0.370499070295401
1.46339421585849 -0.38951454416903 1.39839142304055 -0.533908905855818
2.22237056440757 -0.0951377048898425 0.21087447408273 0.166385239685307
-1.10134420843223 -0.308537674272985 -0.20125132702085 -0.125435587512972
0.36739853225368 0.388277257771981 0.595190953513017 0.104557684103584
0.414594923739058 2.33310560930271 0.193647908704908 -0.753983208613434
0.227637024966341 0.407277922325556 -0.20411468136555 -0.842760765145452
-1.10483927074615 -0.281800147672197 -1.61614253201361 0.878418636564854
-0.362774442947799 -2.0927736144202 -0.60235239376351 1.61077186878263
0.37182036797547 -1.56223847616028 0.410553335929788 -1.2893669210536
0.0355066971428295 0.723620870969764 -1.14399274538251 0.647793088847
1.17374644167697 -0.89819576611771 -0.379928826807177 0.515061439860755
-1.19877957213253 -0.51573795573448 -0.406938161568832 -1.036575218295
1.3048066261289 0.295974537129696 0.483653222482532 0.763593296621875
-0.993108976827329 -0.784561107574334 0.394832873778789 0.151846197106228
0.165610470566751 1.30600367476101 -1.14299691681638 0.461378119870818
-0.961832201682157 0.780008982770256 0.700131451916478 0.910757628715338
-1.40099959971374 0.601763350645646 -1.17112452709513 0.220869347985563
-0.40539379608436 1.16327151839642 -1.18349382873448 -0.389885619119758
-0.397195297754107 1.33754310850715 0.568355788149156 -1.88065321341033
1.18647218011479 -1.20869087613451 -0.222396835428088 1.04308004924629
-0.549692738591381 -0.678679750565776 -0.0385811370456005 -0.803751498459811
0.473937850911733 1.06889843734117 0.988526953260995 0.30017834144399
1.22918118171653 0.764159332585979 1.04942461160099 2.42907779955022
1.25137654732691 0.911862521319343 0.088250247840171 -1.21749892838281
1.34307040848911 -2.03194722672267 -0.219576515090729 -0.18881145282403
0.136589909363257 0.387098145430508 -0.563373492308734 -0.286813877405669
-0.268743918137246 0.43394958756722 -1.00026045977853 0.144085917030576
-0.0416544275602722 0.526008332108728 -1.01284940906476 -0.794830784873778
0.381840681574169 -0.958912984197717 0.201232179772714 -0.474271232223899
0.295224088511062 0.311443613381351 0.576323277513486 0.199828932883568
-0.292934438970485 0.469106507205373 -0.624686789247559 -2.35040919452971
0.495608181500128 -0.5581334081364 -1.17142030035548 -0.240898025798721
-0.747969775220419 0.840974551986056 -1.64056337834897 -0.623099282195669
-0.319652821216366 0.954985563468294 0.365987173592649 -1.6598116859399
-1.08661478198948 0.674807833854627 1.08639311589939 -2.29920253959117
-1.27176757858391 -0.558405366977677 -1.66508481852003 1.38855228592076
-0.476462298552977 -1.19159667812572 1.42654156247645 -0.0753554373016425
-1.02134275440947 -1.60987034962862 -1.35339492833768 -0.610930565018894
1.25986029902775 1.78816586950686 2.28178892364201 -0.244767109685292
-1.26938288047264 -0.33265695052118 0.403589270995778 -1.38606906619573
-1.02539628219141 -1.20368692818551 -0.992732826696657 -0.905638420291896
-0.0805353373126339 0.0305362426020226 -0.406513486135255 -0.662022688695223
-1.27018791677071 -0.562042527056596 0.571565328197848 -1.23858794836058
-0.184348350578717 1.24489164736646 -2.07895553773425 0.584237048452599
-0.937357521343571 -0.382282973880295 -0.723802159503341 0.0712236442899199
-0.234864816170044 0.481555417541133 0.595908461708092 -1.19085717302732
0.000446285578758506 0.86863604014743 3.11460383517619 1.26699944908188
-1.56471952561474 0.159000262817143 -1.77552654613611 0.796122408985913
1.13714303314732 0.400770644397534 0.371774145593931 -1.75505161746696
-0.56197150973963 0.104339851975018 0.93875342470824 -0.961314747291317
-0.560274008046896 0.282198482887988 1.53539404250826 -1.41654383546275
0.517932013372785 -0.344381449395682 -0.662649422870776 1.17190290553849
-0.618717499950782 -0.658663403216031 0.312870103159182 0.609776453664663
-1.34496634257129 -0.131560711986984 -0.361280635802943 0.563797671199614
-0.0257657494117545 -0.58034050098625 -0.941626101817989 0.255943316660784
-0.355277892835811 -0.822336681035343 1.18138218303039 -0.233415346389462
1.75520650106072 -1.5163588236376 -1.0074270301778 0.841682030047054
0.0745911366149098 0.0965044080727364 0.653613636678303 -1.28231824608124
0.205703851792306 1.09972343214561 -1.42929747009646 1.14485829722635
-0.726035298698709 1.66113243290856 0.278487086186524 1.6610672608949
0.269748652133213 -0.862350399190523 -0.518718124054846 -0.24306280221064
1.85582815014876 0.3972068711902 0.930577562883901 0.518749208940056
0.818919058794459 -0.458687253456425 -0.173607517469616 0.40996835184365
-0.152667337808564 -0.547394310832754 -0.057426278820645 0.487349379473978
0.65595212383798 0.500593715558499 -0.666602601031926 -1.23639143343083
1.12596673197468 -0.319842155000731 0.108137736474364 1.02066024548596
-0.606763089971499 -0.0282892900956144 -0.225613057529787 0.396598674730578
0.847873664610549 -2.36320113938276 -0.582204093543987 -0.0459572883330709
-2.24629571974088 0.895891143862568 1.62282029609633 0.177995287918504
-1.69537878577859 -0.77763851471645 -0.0769731210586819 0.616101065434811
0.372653226229752 0.489733218115364 -0.194975719739916 -0.546229367624256
1.11028573096999 -1.28818047288291 1.23343865074868 -0.0237132737504392
-0.286704583602518 -0.355184475948403 1.7970653164803 0.00840158807526393
-0.696340947533308 1.05914034433714 1.7222789683523 1.25336786483012
-1.11597582647871 -0.39684520293563 1.38286365894765 -0.494845503470455
0.811975170258163 -0.083915726493702 -0.185997102875952 -0.100181253938269
-0.592164141391885 -0.761526981742934 0.195025359986998 0.284188073309269
0.524772776942421 -0.969244996267475 1.61842057141037 1.13412098082987
1.57879241021458 -2.09016466499755 0.623352188359693 0.068337071685221
0.480514848447677 1.15205902108419 -0.129429990877958 -0.196408297847997
-1.32673868925699 -0.17469530096008 -0.0769950786550783 -0.297311186434703
-0.186995308444774 -0.926626872940427 -0.960424040717039 -0.0171634208840418
-0.843450322118268 -0.668728925206918 0.611682758440295 -0.464384247796431
-0.597820142127814 0.172176442134505 -0.259354937794443 -0.345296381414781
-0.401863289106927 -0.22994658373483 -1.31823198175609 1.14409218109787
0.00057408483031239 -0.463339143127994 0.31102691669271 0.333546526597678
0.326206566818587 0.0415002853920548 -0.219510297465046 -0.721141474750108
1.30157622008345 -0.316950442518392 1.82408849075476 -1.3533957902012
1.41049245017069 0.00863506722989977 -0.260638977781376 1.15656393467636
0.467696549607328 0.00897727463786963 -0.803202710857155 -2.08349468331017
0.726180087216406 -1.47723838619779 -0.150982159091872 -0.322621072983595
-0.101901698271859 -2.25581961794434 -0.174828210481175 -0.126303106300515
0.408023063551202 0.944416190082701 1.03943598777969 0.336132138975861
-0.548634947714899 -1.58897004535551 -0.60264697238994 -0.644353426808035
0.449920504953663 0.829706267271659 -0.279974012485041 -0.285937684538255
2.39641426646903 -0.647832697283576 0.683204927362239 2.22560952922667
-0.195350081723381 0.181803891105678 -1.58695804418735 1.97719777677404
1.29613446948003 1.31668108904127 1.3839399043151 0.116855717212307
-0.294822751814263 0.669529340176523 0.0959147658700637 0.0698356790310604
-0.146316778820221 -1.26261796688633 0.807031880435597 0.630956372642905
-0.0892720479310678 -0.903730256780329 -1.07299923266166 1.41854778734417
-1.29979132593726 0.0887407678657314 -0.0235694217297949 -0.412844383809489
-0.304163049997832 -0.849244421602144 -1.03444084517476 0.37739797093903
1.08412927893914 0.608479198413587 0.266803117082942 -0.215844405168959
1.51619317758281 1.16774103100365 -0.0267401279504172 0.195146363794613
-0.445412548013134 -1.0412996704917 -0.858032246188672 1.06781723178356
1.54405463308533 0.209594110798591 -0.0342976981808205 2.00483951374281
-0.161173927823866 0.920348042569022 0.610763452910432 -1.1515141847699
0.708615625255864 -1.62247906496712 0.436606406724399 0.124217994853702
-0.226705296950918 -1.42177887467669 -1.10575633493938 -1.34880776942668
1.08003047931537 0.31952735601411 2.41427842973128 0.658626602440894
0.872094363176454 -1.01745999530493 1.06953050478218 -0.241892526795471
0.242910432868632 -1.03886165002775 -1.84214391531769 0.473570365406968
0.517588297431141 0.286498747025937 1.42220740151524 0.163576706918685
-2.01961918816705 -1.44269953876174 -0.475639329413548 -0.0772830345875692
-0.206414565059002 -0.350256192819324 -2.26688676840984 -0.922889422545353
1.48171725019547 -0.330491468184387 0.354805722680338 0.22334766458833
-0.201433611823017 -0.771092342313477 0.219877820936826 1.08692894059269
0.85308007289916 -1.46342235671339 -1.1325056789742 0.0171068219735051
-0.915028637117247 0.319642322750417 -0.288344244235886 1.66350062012228
-0.478205924209912 1.14075293526441 1.37470111062218 1.04246114837819
-1.14851209373966 -1.74450702718036 0.32169544914041 -0.0676437380432205
0.865093047986724 -1.73317987744425 -0.753601090344998 1.53954446799404
-0.322427651867299 -0.210501371945636 -0.411409782764657 -0.245006223592235
1.5566476839944 -0.782536370437845 1.20887849137794 -0.709955517276661
0.944428424838966 1.68751903179404 -0.675692465333763 1.04587209099879
1.41558658653582 1.60979278301845 -1.14991625126984 -0.776783174113809
0.708895665164208 0.478755567341333 0.310218936447752 0.150103769841684
0.251517237951422 0.425895311105203 -1.56908502091921 0.114328660784026
-0.316665973015166 1.80106778234454 0.583904580951087 -0.182707325635238
-0.312790661257618 -0.0457704092512882 1.06309821473845 -0.403642826399519
-0.706111646384466 0.0883572628098371 0.46172104461783 0.438958419852098
0.146553150099502 1.26954753252856 -0.0239339946560691 0.666186097724217
0.0591528111762706 0.664414443625294 -0.164615328897071 -1.57874941835255
-0.292260709995686 -2.52275739324332 -0.214546238243172 -0.763991493959686
0.872592469701728 0.407333044266021 0.170222882388157 0.931879744421887
-2.18348735573132 0.0837821921628269 0.517666896372214 -1.24778622975473
-0.923038254113058 -0.522113954196257 -2.22291149509605 -1.04664898062345
-0.540554812792112 0.625176530903857 0.625370347812482 1.01103693061775
-1.47980655379584 -1.41361632955392 0.103472677011059 0.912887200991877
-2.63023831171386 -1.17846328677542 0.314775586054015 0.258846568784231
-2.31268839398721 -0.833938102868498 1.22088977348842 -2.66302292353233
0.149054447278913 0.0431403839275847 0.306929611777664 -1.66608763902158
1.58947105406149 -0.564855601714843 1.49871388500365 0.275992824578575
2.17384495401205 -0.534382493030266 1.06899977048894 0.298699057159139
-1.95027896729743 1.37030001651414 0.28796435996114 -0.894288612255911
-0.704933496643064 -1.74232900428864 -0.455721776028613 -0.409308825696818
-0.570111448005489 -1.79114210506043 0.190193566352034 -0.970137568729436
-0.186546555655229 0.259425443788605 1.49337416813201 0.592752778968626
-0.125613488360503 0.213458072662636 -0.848541002945533 -0.0987024685188536
0.496208914947511 -0.358700253167979 -0.409084135469749 0.296597254956157
-0.252042985470828 -0.924701121127846 1.02080629319488 0.0922510605056557
0.441009417748243 -0.16073081049609 -0.0889246410382042 -0.605721104183649
1.54799311577967 -0.85192649988674 -1.7453365364141 0.139489994734066
0.433874481022802 1.20368877447627 0.631759440077567 0.262631426786639
-0.551939608868888 -0.792516748235899 0.302870710049852 -0.425614352057941
-0.763725865186792 -0.169041018899212 -0.215034434020803 1.60455425800591
-0.0496381661665321 1.17435177765247 1.52766080067494 0.00322057120150324
0.334641012355124 0.0950064523608078 -1.10002976959255 0.911379889346183
0.828088021341298 -0.169992456863517 0.477795596684278 0.803845399200399
-0.744728769960982 -1.05923133887972 -0.600705346917565 0.630694694537847
1.14872129358269 -0.527209817563934 -1.05568902872708 1.15301831565206
0.0743182968039953 0.147263729002361 -1.56241927946367 1.24910118200924
0.684026681005394 0.105622300095009 -0.0936123845244362 0.863001817914306
0.667839306578346 -1.44287414743604 0.567206781103889 -1.76590836262833
-0.281548143501729 2.65418127327355 0.702241163159009 -0.737746908368204
-0.448217911995039 2.18317048038935 0.503363177579308 -1.40611571193003
-0.496168372989836 -1.22737923736571 0.422927369477604 0.731583574806303
0.137989058760583 0.375809623160531 -0.332839298595352 1.55260601855693
0.0588926239409523 -0.56264938767092 -0.799106791997218 -0.37981456101124
-1.01570885637232 0.079956080638761 -0.634429088924585 -0.204975846031908
0.525845314850833 -0.855320365895565 -0.790403884640035 0.747228344722181
0.311706846813257 0.702035766039918 1.30284045062068 1.91095263679853
-0.118202211415799 1.35487978925719 1.05569608853176 -2.16273887230219
-1.86517074273415 -0.638321364419487 -0.38803679821153 0.288047203651843
1.2369938766747 -0.75473895403767 0.576919792182016 -1.48588277534573
-1.97816618090865 0.466497095542751 -0.237966725573168 0.629929465215043
0.0692402924584661 0.415615332091688 1.29560594728411 -0.842276845931764
-0.306243336393876 -0.429645855636814 -0.411696633904156 -1.69444374561668
0.245843136076716 -0.197048696194109 -0.709502559210382 -1.69851643626531
0.259132176445939 -0.473521068294857 -1.39247772827785 1.39863403243487
-0.780056850428723 0.683689416367494 0.616391633590132 0.646555782459927
0.323194866139026 -0.739620609642043 0.245036258716981 -0.213911437035218
-0.0537282676038256 1.29629584995377 0.460682862113223 0.909959349732999
1.69853026804401 0.290182880879931 1.49602641567426 0.908301291749377
0.768018075998181 0.121805158031969 0.403661889673205 -0.383799125809517
-1.80019454834698 -0.182012256346025 -1.17099591511042 0.324818301440463
0.525813624940654 -0.993500718662308 -0.493662792189053 0.898873678217488
0.0547226351737029 1.88993674605124 -0.396608170950644 -0.0176946001983837
0.455612234242592 -0.0358444467305022 0.197664380580192 0.882773868672194
0.682338148405957 -1.72596738915522 0.0726159305873403 2.10590428996267
-0.37180166387857 1.56239185184271 0.352387498736051 2.14330989381035
-0.488025603903722 0.306641462433484 -0.109713526738082 -2.328609388332
1.35168009432425 1.15640325047006 0.586589639195437 -0.937157744049885
0.73678321213087 -0.169189756823116 -0.136221877211159 0.594806641650698
-0.281156578128778 -0.02532295417549 0.85649682248136 -0.439747071062078
0.0518807890018113 -0.439463947391969 0.282429836732178 0.188863534646314
0.589462701664304 2.64066792809978 0.3408270220817 1.11666477263187
-1.06607578565187 -0.212242901294217 -1.11460717768351 -2.06701902657977
0.11063301813061 -1.4181756647639 0.561884236378203 0.17028511600885
1.28538699403944 0.777089787831144 -1.63948091915441 0.381633598120161
-0.737613730397621 -1.46754427271992 0.658025632658968 0.883407794419027
-0.224990810678061 0.142497051943133 1.34324301153043 -0.611246396454795
-1.13112454735083 -0.894004351065533 -0.081571514592921 -1.42660943491423
-1.11734851941205 -1.11070976021562 -1.11905530578897 1.06337283255564
-0.268261146349605 1.33445368802689 -0.945345257833705 0.494568812242513
-1.29066624801329 0.595921065802829 -0.098505595872454 0.507403373709069
-0.792518037040708 0.304733589623244 -1.71149701480641 0.517913357526156
0.728789800247304 0.029864162989873 -1.00724149879068 2.13804094206358
0.40138636350652 -0.215561119995361 -0.31278775658061 -0.202855213167708
-0.0230038148630864 0.518650529044234 1.07465093032009 -0.58699364390178
0.418627313832972 -0.440935507467406 0.341167618028295 -2.73089131672266
2.60912467380385 0.894229132084813 -1.45789870842129 -0.742996375453937
-0.980554495184723 0.915317579267304 0.0578020470605268 1.38971614057816
0.877427054699739 0.954631253793456 1.66677771645776 0.769981383750363
-1.07064453474216 0.685328813319096 0.754353881098777 -0.721196814132004
