0.781218755663686
-0.165008464944102
0.387254345257148
1.77524604781151
0.997950111750451
1.56410368393313
-0.833192030093791
1.38007053182506
1.87356637536734
-0.149340760395818
-0.87625213705139
0.106249493591709
-1.28009787754669
-1.12496651399925
-0.218327312004671
0.676544901390808
0.999454141180793
-0.112417247499646
-0.273655442969803
0.540928092650382
1.70322635020493
0.176116322040119
0.493126863511469
-0.0991607401095109
1.01120417406165
-1.17346941986286
0.249050045792519
0.903395816312354
-2.24403680647369
-0.886397205634612
1.84056079011488
0.0581637973815901
0.615012284652531
-0.233515822019921
-1.38658380443146
0.206787905541231
1.24359905395204
-0.831647717623514
0.0283685243313626
-0.164294131197257
2.05738604852172
-0.664401255000324
-0.92950591564201
-0.165673919625318
1.45758507947784
-0.506066019431171
0.0135347137103978
-1.25201168204396
0.500193509083335
1.13077904792687
-0.546507114727755
-1.13121601683765
-0.218096592618892
-0.256115655609712
1.62411574357202
0.38915920992441
-0.0303982776895479
1.77794745104015
-0.342324190668697
-0.673444595778817
1.35034720988896
-2.78741328104418
0.242693870022053
-0.00359385087215132
0.0773351065130644
-0.813085432617642
-2.70596783230885
-0.931870783017524
-0.78511817689659
-1.11202597123847
-2.29911581753379
1.4385518542752
-1.43171295465593
-0.92688160108278
-0.621181319076248
1.36964475834797
-1.45943382786747
0.173060955240138
1.05892573033803
-0.0787092090318738
-0.378637448827461
-1.43811679444664
-0.713845467787524
-0.41134297182304
-0.681048039465551
-0.941078221763861
0.101235815394474
0.83235534803696
-0.593517756532868
-0.0140450911562188
-1.73467471955574
-0.463914258045868
-1.02965150734794
0.388143207017399
-1.56734784762178
0.523638350670451
1.21599654656582
0.582937489606004
-1.17605543408369
1.88300032206774
-0.596363094855355
-0.329342678264589
0.160064071906567
-0.722177043679482
-2.06052811995262
1.86485745210152
-0.665541146575257
-1.11659533182637
0.466644115762078
0.984421685849679
-2.00397709463622
0.528426949350683
0.712479318108246
0.292275449050339
1.3724358099691
-0.0261704379264076
-0.561529786978993
-0.238556492380793
1.24240448992451
1.48184419485604
0.288794381106871
-1.61884765782116
0.562208840313303
-1.33834575604586
-0.890282361030417
0.814201414480242
0.894783510510329
-0.645805578801675
0.245360387503741
0.276479040811662
-0.209272581553604
-0.03854377157728
-1.06525353828774
-0.82580399719228
0.12132921024343
0.24692009792537
-0.764752014948914
0.14775564014121
-0.454141979218919
0.189623125738266
-0.228574143148007
-1.21085992175832
1.1190296576964
2.33558629346111
-0.231049488010106
-1.29575169238865
-1.74659758765955
1.89033599283052
0.500047956063136
1.10273886300268
-0.0249284161842523
-0.13329574755096
-0.447200730693863
0.433509235195953
-0.355296056168509
0.728128693792687
1.60657586422033
-0.531950025786609
-0.849836672425881
-0.51835094807086
1.72061644838829
-0.542359365323754
-0.195168014648568
-0.0561826217108384
1.64120653765641
0.891780720356874
1.60407080108002
-0.0784459318979803
0.894783355259229
0.0309366490334156
0.601776080443681
-0.0343414702548444
1.00301369904398
0.336848253826825
-1.07949635898838
0.216748356447433
-0.856008174963924
0.609256197763639
0.458935826928198
-0.0968536794734255
1.596920475323
1.23856183098823
0.550752768971087
0.494692330879962
-1.09474479581104
-0.044115132849072
-1.67916018555787
1.48121508512676
0.760502170433724
1.13304852675837
-0.421120511950894
0.503431990458263
0.0743346330871051
-2.16545833609027
-0.0963588583250338
-0.18470263657155
-0.517793813711337
-0.45664937616414
-0.803262691920891
-1.44901904239128
-1.27042858979759
0.542012307041835
1.49729928843578
-0.414302639297846
-1.5135600499505
-0.991988505528989
-1.56226676370297
1.04760588561196
-0.607658439057096
-0.683898410294083
-1.04998856770222
-0.249228556518622
-0.417774796433373
-0.51307969725147
0.962303007002998
-0.923581965196831
0.990746438332505
-1.70668868922049
0.676554652437222
-0.360145692353166
-0.370519932288516
0.685745005673752
0.272722728187964
-1.46255096375004
0.0895347928496916
2.52150711572851
0.895277191027881
-1.68353178750434
-1.00708047946514
-0.542517228761334
-1.48393755554919
-0.00951944635073367
-0.266560859749535
0.726811516042038
-0.0312174594179675
0.556066278548385
-0.0144207514556755
-0.759096444175825
-1.21261216555521
0.548955793752837
-1.4125385653041
-0.625199565061327
0.790654278485249
0.982932873243908
0.0207657691262399
1.07437500258706
1.26531875755873
0.695175775113892
-0.482524398220535
0.688988433587672
1.86566862920434
-0.0226915489550641
0.630032329456799
1.27330703563912
-0.617603013322201
-0.853408163168352
-0.29074646346385
0.441077430692121
0.090586340819347
0.219207819831277
-0.74389866566235
-1.73664478371725
1.03219450568096
0.175466497273466
-1.04137916875484
0.803385462156149
-0.272617053772531
-0.00473319174910438
-0.259562965098764
1.19737110367879
0.799767108619645
-0.301022513736528
2.05594548640333
1.57657005819969
-0.311333859947412
-0.181549183831944
1.95844194534105
0.407234906465003
0.866157566578643
0.429636700228221
-0.0312661321538349
1.24286306888492
-0.446470870767119
1.01882755035153
-0.430321246880074
-0.147984579289623
-1.37847341175646
0.0535748000991602
-1.02320820710711
-0.869386219865624
-0.280259420905161
3.31666407885545
-0.821360009114479
0.655066238023963
0.643680401258275
0.094736954794245
-1.47565714678155
0.772135321832204
-1.536538206121
-0.107788413951662
-0.773925368115527
0.358453850545463
-0.238100772117258
-0.175530071365891
0.835282816153498
0.603565495397023
-0.819995445839549
-1.04429708741901
-1.79504979966211
-2.48968273887985
0.961264339912022
1.21715373553646
-0.433009355373285
0.625100381887093
1.33715121652646
-0.953152180445588
0.327037856278104
0.348867956185807
1.74688806863643
0.292494255945686
-1.36607533297731
-0.445126804404008
-0.718657046164143
-0.648857068323281
-0.287559468277948
-0.495148087829256
0.994825911671793
-0.960949968735944
1.52461275518245
0.347266702318366
-0.0050822865614123
-1.79391815857432
-0.56296992596433
0.594729470045827
-0.511277696315015
0.207902587097818
-0.0744928615470897
-1.51886467717545
1.86782865962603
2.03373511538715
-2.0587024171561
2.34614212959717
2.18936590737685
-1.17929611266369
0.698051731435155
1.13570298919566
0.0455417563836036
-0.596592131422538
-0.117936095888736
-0.216305712973751
-2.25853083862875
-0.131870795876049
-0.536890978690874
1.04020274972483
0.261547474463223
-0.0935092663333671
-0.648637046446506
-0.709805516225414
-0.834895013902341
-1.06410097174351
-0.13971134702734
-0.0750926485305863
0.545143481863602
0.0357759343143023
-0.659178704753139
-0.957812801019279
0.406052093996386
-1.5241245674884
0.795741425171857
1.23380520959957
-0.74181038126449
-0.0318077635896781
-0.757755199779683
0.498501647282018
-0.707228869536059
-0.143641702609752
-0.337633348092325
1.07252367352669
-0.351017374787406
0.912672544122517
-0.934390316714749
0.416154424370236
-0.580127711657893
1.47875943880984
0.0734808518440905
0.908209533563124
0.95178847733081
0.865757462657271
-0.0817510007499463
0.687144240184784
-0.371892571640265
1.09536512579129
0.261454949064708
0.273909429915349
0.772412863974872
0.42549887623722
1.160142918534
-1.56817783016458
-1.26176452023261
2.92586795121148
-1.34174976953937
-1.57118742576494
-0.23443628016443
-0.076266561427017
-1.02714590421584
-1.27771512127983
-0.739216928009388
-0.302773779910176
-1.11662244962795
-1.076444767055
0.851642323076093
-0.33586370722804
-0.664333322937391
-2.14820381623698
-0.0952782385401323
1.25922453903716
0.713463472846976
0.367466545750819
1.67542048076911
1.4160965703872
1.0858772786017
0.679377489126241
0.601853601872689
-1.51767133595221
-0.61457528861051
-0.692669614556696
0.982728216523374
-0.969931908174833
-0.633950662703024
-0.854127324499138
-0.109468947895611
0.104086769522704
0.916278954145323
0.297503144038677
-0.388190646298023
1.2865106825021
-0.852161417507005
0.0439589126359834
-0.639195693631264
-0.693229663523375
0.566855688851071
-0.0627497613690237
-0.630591726210839
0.102267170733707
0.631638079473662
-0.644999939399109
0.496223969788273
-1.12847704447313
-0.511947140494553
-1.04113180322437
0.737053360457043
1.1171964657776
-1.30259703364161
0.230662920936546
0.19928161714327
1.10337822548624
-0.480793219029288
-0.634651180417773
0.00461547137794002
0.144452402753462
1.91106773921864
-0.536108135909406
0.344692075254367
-0.909023375448823
-0.0613621997293664
0.594139291473502
-0.786217717585025
-0.692059748490759
-0.236344530089552
-0.947535754128779
1.41219426879761
-1.04155506355966
-0.606474611992701
1.16721489021831
0.0425271044173316
0.715305795631227
0.57404193627551
1.14357027516848
-1.04151082206772
0.333817102105319
-0.770270307681086
1.13301682048435
-0.182498200512455
-0.0559007818361377
2.31928572830877
0.637282924200383
-0.965694370444768
0.18523604883565
-1.00223843345167
-0.501841315371937
0.369351210112924
0.101523473016595
-0.313727283859066
1.57078461985256
0.385022199880348
-0.700414391754057
-0.514398456416442
-0.216179371434288
1.07772597959277
0.0427596736593737
-1.78925044781634
1.68629576457187
-0.796484840723256
0.000815131063222927
-1.50482717172646
0.297604755414133
1.67446201530347
-0.974355538603977
-0.469592685414794
-0.277290857131339
1.04696403426672
0.0807633441201391
-1.65496382314342
-1.39914312980326
-0.812467152662801
0.548898231917184
-0.936382074543088
2.07137075017077
1.45648964292006
-1.06358448948769
-0.550897305874583
-0.112216552844103
0.676149688575043
-0.277317485165571
0.85460872717368
0.938662857498378
-0.647740855494964
0.445018309376921
1.08159532763668
0.876175319936088
-0.669850288483306
0.870407171108409
0.570897398633872
-1.49704861407405
0.746523945926008
0.508553029569111
1.93843965740227
0.279006661263119
-1.14895463462875
-0.677328994176667
0.99782676686651
-0.852922272606433
-0.105701853235617
-0.154352508986972
0.54593651977323
0.56394755849191
-1.20894989579133
0.603006030551615
0.725015275883153
-0.914907640060676
0.377331840733351
0.0957178560757139
0.566614238157916
1.30409318594253
0.255488174718591
-0.814507153007674
1.00656618382007
-1.33136606319907
0.938427299628045
1.32027715102372
-0.986676860157726
0.558437664983473
-0.269504592291042
-0.30807156488502
-0.660909528254681
-0.354580174832413
-0.333418298335736
-1.37307607821187
0.0016354412391931
0.0818426944514183
-0.71086359234401
-1.08642014289686
-0.693971626667643
-0.810528617569089
-0.137039814838802
0.675805245584229
-0.27276059117473
-1.9081064424964
0.42287535328742
-1.76665578529855
-0.524996099901354
0.560293050095384
0.108184969036938
1.08559203295306
-0.0737217532660093
1.11355752265009
1.61427353320698
0.0718253101443359
-0.818398796511889
-0.120856299635027
2.23395104401831
-1.10785613760547
0.105816004995907
-2.14335048816523
-1.17419461329006
-0.230721184913385
-0.68426408578461
-1.88584338487396
0.347228147889412
-0.367460967371636
0.759613234779596
0.238471931492321
-0.0769066596606161
-0.364158356054934
0.17024781043147
-0.501213222746624
-0.194805267243726
-0.381582514932892
0.197870717370538
-0.799461489387423
0.24240885967319
1.11061458379544
-0.883044896495074
1.1524270900658
0.831309386745448
1.22417227779363
0.654331598741044
-0.327329518649404
-2.05385918244771
-0.262331706410522
-0.888036275825414
-0.34594761718239
0.662885272517737
-0.423137231253926
0.591882745107085
0.576483844306272
0.585290295176734
-0.962225815026443
0.342001211793102
2.76270050509117
-0.53320614081036
-0.177379521109762
-0.398517777103129
1.78300793117626
1.30972249896538
-1.49499805926606
0.648669297529173
1.50913598054458
0.569308360347885
0.0468582769293062
2.58307316037479
0.252095599068923
0.33735408933103
-0.617182759523016
0.704923058949033
0.502615590734211
1.70964488759584
-0.210403009159707
-0.321773603425279
-0.150391823900819
1.41730895081083
2.04033391250436
0.725194292469326
-2.43420982317469
0.342518020823788
1.03317629215813
1.36419517805615
-0.413126438920578
-0.216041267538161
-0.19226617515951
1.64779216609176
0.0189117322995831
-0.645192734002428
0.0853071878292414
0.206823221173181
1.18013246939469
1.80832529553245
0.633244388299084
-1.35037357455437
-0.116567692455278
-0.314646595625147
-0.802953306757197
-0.794277176468215
-0.508460698494588
0.883972582755459
-1.41932202537919
0.328997363277325
-0.104963083899107
1.38027161687974
0.803215496994991
0.252542560313654
1.39970920674327
1.2914755850677
0.221767761692749
-1.29973944990797
-0.750028690872437
0.590624123822336
-2.35462664619737
-0.945846775388242
-0.0599297003569607
0.739729433406184
-0.714170210473253
1.17530932863345
-0.772699576456706
0.506334324541056
-0.814828923582086
0.901740471325007
-0.288777096528083
-0.646153071544426
-0.168638424967073
-1.13713277342489
1.46940033343219
-0.538509928084851
1.01903400917391
1.28488754358613
-0.0639491842369055
0.115598403094139
1.68452094389174
1.14270321497401
0.811492962427256
-0.0112464750538942
1.28661697029264
0.0317243101601877
-0.845590339080865
0.586299844440491
0.473589849313995
-0.834424406725129
-1.3470912654764
-1.48775977373024
1.15886864264454
0.333901106410698
0.464471436788363
-0.0753740094544176
-0.859432328894078
-0.396263974651136
-1.95490767846272
0.107987194904567
3.18259443230097
-1.17414033310643
-0.139284685945908
-0.369516719940366
-0.409243061000935
1.44624800975179
-0.455625963520384
0.679604835185824
1.24742784082759
-0.0700398300025569
-0.545067573384527
-0.111080964576183
-0.712805127979528
0.79474667016642
0.15844678736174
1.14922993526302
-1.78623941304038
-0.458440919246474
1.19742404589591
0.00301110286019932
0.849398736051248
-0.365995930624922
0.268688594944178
0.641327339265167
0.597297961684933
0.163874281010424
-0.810649403414171
-0.591710412220344
1.86560361228713
-1.11605029220714
0.704534007998324
-0.233184879707457
1.96830563900431
0.204171196142087
-0.533298053813035
-0.862375156903721
0.0879707079949696
-0.999868028491707
0.291053593802497
-0.310300379617043
-0.0389485499509054
2.05827064857072
0.534901690137765
-0.0189123780291915
-0.146943239189327
0.0651535317660736
0.419062154184538
-0.86789014814686
-0.840892451217453
-1.01416497505874
0.239370089817019
0.947230312334392
-1.33608223368294
-0.446743301489212
0.779248900091491
0.714557112813264
-0.0918155036753444
0.902734710259539
-0.028117846270156
-0.278440571953546
1.26746902807036
-0.432474521517178
-1.22678852584391
1.19526315420674
1.50360177011274
-0.632289109666004
1.33846102899491
0.987869453841346
1.36411670441753
0.364449443224103
1.91620213475293
-1.99033162013559
-0.635984156760497
-0.993128709310514
-0.109523294906879
-1.5198099327275
-0.454314791298905
-0.400072060905279
-1.89756605323592
1.03079641526828
0.637026345579228
-0.0734528507371687
-1.35760171280501
0.378464439618832
2.02094964635348
0.114962764273945
-0.285686699935075
-0.772425363034994
0.375754578067841
-1.09745608514027
-0.452476268622499
-0.345485839036837
-1.157444147882
0.752761356509255
-0.110148012410147
-1.41898318163674
0.274905956199636
-0.297676696754896
0.301510803300135
1.97422664735338
-0.498000654340322
1.10421388041382
1.24787662682243
0.746303426832259
0.935004417420377
0.334903206888711
1.42054206580401
-0.192016584148586
-1.8519420531181
0.188964667942654
-1.67679572567214
0.948239191705382
0.42578461105577
0.0469556901316071
-0.819700681936111
-2.02787579110029
0.00871668068883782
0.216196845027671
-0.718486311661182
-2.22643825157275
1.15726364840011
2.44470746733263
0.324945714509452
1.06129218840714
1.88767990137687
-1.83024406722596
0.101707556841918
-0.240154179871081
2.15288117964727
0.795163951631867
0.220026540721503
-0.0574949229864586
-1.06905769126406
-1.27756554532894
1.38224155536358
1.07694531680334
0.204735338391084
-0.314672238022917
-0.795331875128796
1.80354986733411
-0.283479319670754
0.845421428036852
-1.07827223008522
0.0254444772303924
-0.202672827581395
-0.83449224401354
0.216979369404164
-1.56788186017237
0.515305074685603
0.217732958510074
0.3260411504286
-0.424221525392519
0.0208084140240753
-0.239220408656992
-0.909562627059374
-1.26096084434048
0.909440067189165
0.639342241273021
-0.152314349468117
0.578849031369909
0.257988846385635
-0.383185307726066
1.5683798130568
-0.496253716185884
1.54169494994834
1.53387605737023
1.12920426336527
0.142075589677853
-0.143705667053682
-0.255370141117829
-0.613964276467792
0.819153570798619
-1.79616145985349
1.70088869176187
0.873181143519571
0.127384619492835
0.0916611460820417
0.588113070003493
-0.678996472400768
-1.96254988306834
0.935729035107312
0.847219574978388
1.20429776751693
0.196929120441474
-0.105745039976136
0.527500259201636
0.827080265953285
-0.316368079269714
-1.24776567231563
-1.13732471176839
-0.301919368726498
0.127679629883944
-0.447657293629628
-0.971921588832947
-0.361482492314592
-0.710846980858691
1.0041115889374
-0.950816714267717
-1.30218927582314
0.469817762072934
-1.12245418707313
-0.509923626602994
0.289106782327161
0.825549844857978
-0.242446672071284
1.28820694989727
-0.132792046075069
0.505104192548124
0.317548131879925
-0.0739431394554948
0.682389578828618
0.787162218963905
-1.42836630579566
1.44918214124418
-1.24301190479332
0.373088527770114
1.77269911322622
-1.13754396746756
2.0374615145162
0.588766357441009
-1.77342060666906
1.34518342592478
-0.592442242337619
-1.12957376339775
-0.671883206241408
0.818474660702853
1.08982343766473
0.250458896489668
1.26025341177633
0.893447197394084
-0.00441405308618353
-0.915055948518731
-0.605459615966435
-1.35539602522863
0.257094456864038
0.0132847638646652
0.714378298437856
1.38120421084499
-0.315706394361109
-1.94913834158637
-1.93670490231782
-0.981975200784815
-0.353064290551233
-0.333112860860944
-0.139938864811033
-0.542882354481047
-0.97570353040332
0.550311528596086
-1.98532464593424
0.207564561378039
0.558206097554501
-1.91548194344038
1.49453186767548
1.70754439210988
0.716431196327149
1.75203397357962
0.540507107416407
0.396965202503285
-0.700769918880256
0.445658044177394
-1.64074907868582
1.10352524175945
1.80716834220202
0.658670387803752
0.770895162191213
0.2461640961427
-0.92824934626612
1.56557708870243
-1.18369535678126
1.75717317118613
0.556055980178013
1.8266014419385
-1.84060745839845
-0.746520652160047
-0.694960839660248
-1.2643666297797
1.81400115743366
-0.964233122636103
-0.365041212213598
0.0383648301295838
1.49884187982127
-0.25518307309539
-1.72250872637313
0.796407853051606
0.722527877256119
-0.572240510331599
0.699590748778775
0.225040200943339
-1.51677995794046
-1.31837708494409
0.018491598708682
0.600373778075537
1.44819696909501
-2.3905686295787
-0.192352298211333
1.48783354497026
0.671466644112624
0.0567538449674887
0.534737364541052
1.49836776840325
0.953020545012101
0.208284834298365
-1.45674465995852
-0.0370739402833192
-0.219210357349064
1.77360110134957
-0.654850019636454
1.9539699168932
-0.207641929687619
-0.897426539199154
-0.924914553396841
-1.46966422486979
-0.060813147962196
-0.772494977199291
-2.03832846549294
0.326525366326872
-0.709872802103036
0.530161387724199
1.12542159513788
-1.69523282591241
1.68419394076882
0.626602402155031
0.565301819344859
0.457225397546675
-1.07304049008289
0.755832696613322
0.675073067470782
0.408615696663754
-0.446771875836067
-0.769170929977466
1.49617105093911
-2.01141548297041
0.701118204738261
0.95485753620795
-0.5902014295824
2.3681134032443
-0.0898055797154042
0.617409761002147
0.559690360008437
-0.0860192925440136
-0.251421754725611
-0.5022063860965
-0.337548415075689
0.570840952835337
-0.108416823908555
-1.37846719653909
-0.0583542815465873
0.0461129079843699
-1.05301118950709
-0.963520996370118
-2.01031646528155
0.343547407829199
1.38126469507586
-1.27722628631496
-1.11401097396113
-1.90287231693619
-0.246490482216021
-0.202695789709869
0.331201236889056
0.0266439748861334
-0.427104935731519
0.379900149531371
-0.232116874183607
1.34392561712159
1.47730185089511
1.08427511398867
-0.891926003937748
-0.60274958730074
2.27966186592755
-0.174037397158191
0.788799499143267
-1.54444173686765
0.541526387976358
0.503451980034955
2.12922928963266
-0.712599306736471
0.0355393480864384
-1.92808777180409
0.67742685421014
1.4940143629672
0.754744862038921
-0.524708380485251
1.03095934917981
0.105526345990505
-0.178857757242699
-0.289136231914214
1.51927528537096
-0.20248495336505
-0.864853525135467
-0.22548759874556
1.07545988354398
1.82019677419059
1.17922161160474
0.232070762961831
-1.45519990035794
-1.01109971005208
0.154744121430096
-2.24385153265224
-1.22521785023179
-1.22925965877067
0.553497198724997
0.639940392189149
0.446376067672504
1.01347455468482
0.327338585493508
0.697694253842252
0.01093326054565
0.198541075983207
-0.577728653594927
0.333101940229994
-0.436364288226384
-0.283935816921107
0.737062507066367
-2.14979334375777
-0.812747776504164
1.54423052265209
0.752609436560019
0.0239414898277264
0.794660756879265
0.373371394332625
0.756250707959757
1.04004434685343
0.579171016951885
-0.0294085028865942
-0.181091782848245
-2.84351249392132
0.564113657343009
-1.47468627187994
0.55656987838687
-1.00200655829557
0.686164828840596
0.933134028825409
-0.108469778493051
0.0405674834979742
0.647449583708184
0.711415767666524
1.26555111639896
-1.92881545510239
0.264134553856287
-1.11660139884748
-0.28188162322121
1.40205746995841
-0.626551278156242
1.08383418641877
0.541451093365945
-1.33411960400357
-2.27459558252917
-1.72323139360768
0.0996288449719814
0.0628285745848233
-1.09263117855759
-0.607307313101372
1.12273758310905
-0.0198562787896949
-0.181896035041006
-2.23244885584246
0.496728680721435
-1.77411908559257
-0.361166640028015
-0.467323854955772
0.515783523268559
1.18306372309044
0.972382471741931
-1.22347320707756
1.64368930388956
1.314771069675
-0.381091398815324
-1.3437355305551
2.16141706283135
1.46471464736603
0.22349763711358
0.744942275307055
-0.664158170405298
-1.00388088228127
1.54853527509264
0.322541898303091
0.536064939655219
-1.31362490039299
-2.37224677902809
-1.12903032739928
-0.151309656874642
-1.7472966750712
0.333636355150923
2.08414788134241
0.190863223858779
-0.502445958195768
1.91942571636852
-1.26307694150103
-1.3073789919429
-0.106175750396065
-0.286752852320003
0.315080229128799
0.724053572409755
0.0998566088618894
0.613046607512924
-0.320425641475476
-3.10850278772422
0.404417596255876
0.148449155161694
0.432525820196302
1.81221272917024
-1.61575272163072
-1.01244037951733
0.384509177448033
0.0406852012418807
0.0041902283718891
-0.0647303140838401
0.247926836505822
-2.16801130328356
0.81925742165976
-1.05393029225347
-0.741133284697657
-0.699463059574925
0.933804128953376
-0.533630214526327
0.470064103073838
-1.62333868003219
-1.91295633463843
-0.179453405761683
-1.39405617812642
-0.29125944109026
1.38562836256142
1.00249668563759
0.00709370880051822
-0.808172117424222
1.00879206750156
-1.79483988456792
0.459461715917681
-0.616434269779098
-0.745959629912548
-0.935001614444804
-0.591934195610459
-0.378914564072348
0.400663946725018
0.0249427588964111
0.233471202187857
0.216194442069018
-0.666449104750669
-0.881601649768927
0.728322664546128
1.7884341007059
-0.715359519392455
0.572983768070338
-0.750864073327041
-0.633630605416898
-0.939099436210867
-1.46294109999622
-0.189354488308047
1.73062196273857
-0.57846476175734
-0.421268927252226
0.741031341121407
-0.947781525954244
1.05558634421535
2.44081733330564
-0.164803370255105
-0.0716446688080804
-0.161744128345232
-1.01027765923488
0.983152569241725
-0.988930622725584
0.300886349422139
0.449003025361889
0.812868434112475
-0.565762904934365
1.7617223424618
-0.179412544731439
-0.399034304538689
-0.524115167831014
-0.415175677447451
-0.451129073895531
-0.774161213292041
0.27834147469276
-0.0110295599279539
0.891232474216289
0.769235064962514
0.347816031983851
1.21105768522724
-1.5920576319481
0.700983416296126
0.435316217106016
-1.99054833315174
1.60126421791662
-0.358576494396089
-0.0543960295716176
-0.180217993751631
1.59084361368938
-0.773332484072668
-0.405647092991715
0.134275154750182
-0.0177952875425696
0.70438438553155
-1.43944159570728
2.09959310322064
-0.319018176528674
-1.07780628871988
0.839008426236417
0.109214843640341
0.191549555840189
0.0905694588641655
-0.19458290771684
-0.316680057935847
-2.07031032381145
-0.107055693238576
0.498989930241641
-0.174121091496809
1.52836253907315
-1.51396786318221
-1.92377482688303
-1.65572423171047
-0.461030886970133
-0.636554533569968
0.794640900971562
0.155058401998003
-1.17466872214614
-0.248443125078762
-1.17535246495317
0.357472757139837
1.03823527226941
0.783868669704672
-0.0993498407372472
0.719196540407591
-0.621064922478723
0.997543309955409
1.01511398730805
0.123304202364504
-0.836681973476419
0.120558096360441
0.833505870199163
-0.871983177716335
-0.518754799872321
-0.156508349269286
0.231687296079423
-2.02332434331645
0.251762688518742
-0.539719444260143
0.135515108983494
-0.231203126250545
-0.0154728106047543
0.206672583328342
-0.426992377140127
-1.49793494503018
-0.39639891133038
-0.159987038943721
0.503853422676349
-1.30892052309133
-1.30972047616846
0.0737419764404671
-1.09498016461675
0.0305117302735337
0.0071231019161453
0.48987686690713
0.244571191607827
0.928253069201811
0.521538629247378
0.360271900608032
-0.231570150543047
0.250410286146026
-1.19378443882198
0.0828536731006281
-1.28890526790921
1.09120972213732
-0.166557897888625
-1.34363513611985
0.839956782638426
-1.2547531755376
-0.260181485158418
-0.557070514583029
-0.499493481549193
-0.711859080812194
-0.599082935610715
2.14494402181202
0.262535740364329
0.255128141004079
0.204081140156536
0.202006470002495
-1.47146897842015
1.26464499852683
0.418979981446557
-0.170321096617015
-2.9429699786345
-0.229224835769472
2.01496253924886
-0.727314246798425
0.897537655026283
0.291105432362829
-0.633268683475184
1.34868828313735
0.93932490523973
-0.781574539426738
0.726943256117772
-0.385244831896605
-0.0825722186017374
-2.19406085006495
-0.312010778911067
-0.554641000733073
0.0658260527100309
0.140900937351051
-0.612272326068838
0.439696258558449
1.45211954354746
0.342037325062881
0.455385144097123
0.461232981389125
-1.20890142782684
-0.746344241476369
-0.597095904141057
0.0988668505721675
-0.598793797545536
0.774294484490607
0.549105247739981
-0.878536162495038
1.80333485754425
0.708286201347734
0.681467446997577
1.09608148992905
-1.52821534693831
-1.84997351304846
-0.199337852244555
-0.493306896132959
1.03228580623233
1.41032879964178
0.0722312927915627
-0.377312874735123
1.8605176601237
0.296107876976414
-0.394749769729539
1.24788243893875
-0.0596468160071951
1.07503754299629
0.460947492328138
1.36653485101101
-1.1407156722383
-0.329922634200144
-1.31549047854271
0.331422750209295
-2.13070354159691
0.136488495130861
0.363310683379502
-0.918299548056038
1.25835679176274
2.41297152492601
-0.213081505541461
0.525233790282353
1.8864123228727
-0.36902634029447
0.296791410100718
1.37083037468768
-0.188479274230173
-0.228591629033051
-0.0357276431262286
0.637768707313524
-0.429415432530697
1.50035796170178
0.172889268614571
0.452685204887186
-0.335238633054903
-0.920278807517179
-0.938514094267946
-1.41615930882787
0.769000648779962
0.57462261767657
-0.158733698802307
1.43911841635427
-0.28897632671625
-0.849719608684454
1.06780772224813
-0.647476275603819
-1.5980413508746
-0.296508686304248
-0.360061672357521
-0.856040420724235
0.936664551111051
0.140229418104754
-2.04072816269036
1.63679016497047
1.55092286445964
-0.83283791503064
0.918114688323121
-0.836305382578441
-2.4269990255195
-1.43204741738524
-0.637460193497486
1.56377369764283
0.767584942175896
1.22045330023285
0.34149208742639
-1.2929535228488
-0.828494802640054
0.893341280281516
-0.348879036967327
0.0485969920218442
0.41933145583032
-1.20629540501847
-1.18122045799499
0.399617827165046
0.107993599234289
0.529756790089049
-0.494547908039645
0.238568711952882
-0.337917342786852
-2.3474229707401
-0.214812552337146
-0.564989599001679
-1.74043103113591
-0.222448630259057
0.0753266747475893
-0.606667306372343
1.33685132329334
0.499914026273615
-0.311503020273502
-0.666863491583871
0.623529873405578
-0.791198480251954
-0.337149390289145
-1.55343538098178
0.313729785561444
1.73912051871559
-0.449569652485025
1.77703505630552
-0.544962891093117
-0.625312070107817
0.454208616583356
-1.89960680204901
-1.15689768109155
1.04296775500588
-1.18960674111923
-0.490285695526259
-0.526743051094812
0.433910395570107
-0.483740083084552
-1.27974115041997
-0.158369982566641
0.303583663678164
-0.763682155993368
-2.70678141502576
0.818075328231214
1.15641122129136
0.610983563618334
0.196206483969474
0.673185784464493
3.40508871848225
0.104979986004581
-1.32338916331696
0.492198173990075
-1.22967365688376
-0.553059836846944
-0.363247047276896
0.0774466596263815
0.677152629882153
1.18998578431762
-0.959224516821669
-0.388002276948833
0.207651777810844
-0.978906376451126
0.0927108502416677
0.585771768532507
0.284155346542122
0.603222917555263
0.570054714724839
1.94739443117282
1.35782519145181
-1.08172606069769
1.64297032804637
-0.438613552543348
-0.321087622627593
-0.674739430434314
1.69794726706364
-0.965629984157558
-0.629115473149477
0.903365431032514
1.9047145280139
-0.905360081965598
-1.0924989447686
0.0153928692050732
-0.531849826812692
-0.699180908110838
0.0333874452981855
0.300823496074497
0.701579748985832
-1.03720745229745
-0.108780585705606
0.472938017473057
-0.395342516695068
0.0696836761501639
0.375429252489819
-0.357987812408732
-0.51723068469269
-0.115596729518659
1.01242991349585
-0.0237126565189692
1.34926645388236
-0.152745640088066
0.27087901035939
-0.668933268956678
-1.67140237276225
-1.21030961702017
0.0968387045443884
-0.48099676466742
0.642807438269669
-0.771670968686992
-1.2444160188647
0.0469258378177438
0.17432825582564
0.93673070198586
0.613457140710565
-0.64238678455447
-1.45473200130094
-0.138089607778693
0.294075292493159
1.98876633802391
-2.18518617752095
0.347807924877488
0.617052988466048
0.00204751529845091
0.950238806949643
0.00875680261383967
-0.195732004441162
0.697090820106498
-0.378584638991799
1.17230899547839
-0.548545883508709
-1.21335850027519
1.06169794624619
0.0703131835622002
1.20149512065741
0.25757291410741
-1.68415512398559
0.333328011905968
0.0039130128096928
1.72270671582543
0.830194388300627
0.0335428947580876
1.59097288385536
-0.921588435665175
-0.0962697921602049
1.56121908534929
-0.22010629810525
-1.22742586295365
1.42936865483338
0.0619784021540564
-0.357600841657578
-1.56444093975429
-1.06321828045754
0.53168720045593
-0.512473665665571
-0.473414987576697
-3.03110428168746
-2.30233451445763
-2.29785970521834
0.407184306253255
0.41789869699238
0.158009774550997
1.61365302488465
0.849155473300483
0.819842531911256
-0.557688939141184
-1.31642824302156
0.0721784641166665
1.36934877348207
2.40187739356502
-0.334518578682343
-1.00568574308592
1.01403489116115
-0.865527819982166
0.940111363409701
-1.17150053915689
0.672776855511201
0.219395109319792
1.14157177638088
0.087710282330518
1.6528391687047
0.645344797857147
-0.408293577890285
1.42081600968294
-0.45163063362949
0.915913929145777
0.631189482933549
-1.32388034877416
1.54483566044544
0.44096722945211
-1.07355882957688
-2.16008084772564
-0.545552751608108
-0.278276710130804
1.21546969837439
-1.88809979583782
-1.58668955793867
-0.876718461331709
0.458156623323627
-0.647301848879501
0.902479443389531
0.0584674692652618
-0.221113858332969
0.0950527654771777
-0.685552477081842
-0.400257214036862
1.04997208007733
-0.136172394463858
0.0383052458614696
0.0606143022261008
-0.355900981979457
-1.10905966850553
0.879194346363249
-0.221679199754447
-0.605442972363294
-0.930820568349827
2.12134431042429
-0.873324069068197
-1.21151277937163
0.169994396146498
0.265548475655307
1.22274749835359
-0.426097418487046
-0.806508972173661
2.4827986308527
-0.543982315399148
-1.62984974175965
-0.160254780655797
0.202324082405934
-0.448770816243305
0.876304777102628
0.261287115745505
0.474875573305081
-0.723448650950034
0.224448225081161
1.02107258731352
2.211721852694
-0.67888186290793
-1.26024551428749
0.636359199056237
0.779310330959624
0.516828057923047
-2.35077367605607
0.407874304888566
0.03205982797062
2.10752089627192
0.537737369670504
0.00153080056292474
0.760798063542046
0.841187247168744
-1.68127290804943
-0.287526382945666
0.764832014479779
2.27007889528209
1.12148780076408
0.258720926629175
1.94012623029795
-1.05545262516522
0.789380872303504
0.833097116628137
-1.08799039842329
-2.20788753866323
-1.45433068061938
-1.65784888666384
-0.347469467969235
0.293499541252035
1.22696734905424
0.540786202749024
1.49497735161973
-0.255363286747957
0.185363586884386
-0.87685343688711
-1.65158592761191
0.57304867741626
0.646792366218451
-0.572911701228676
-1.47788377528696
0.0586536826381426
1.377375029821
-0.493461931609793
1.93915633703035
0.663661242884063
0.600971539210394
0.728335938419174
0.164374670022379
-0.226376485398377
0.863990807289877
-0.658306168639924
0.649269429419935
0.774157422956183
-0.608487284551364
-0.387838815713285
-0.891127260184537
-0.483215627502037
0.449926048032805
-1.06225370877813
0.555174755841267
-0.397247885159372
-0.381180310877859
0.627336477615577
1.06592349211777
-0.815682771824105
-0.86608834335092
1.11156126564195
1.61665580648192
-0.564332133984479
0.819273491338274
0.721882296543763
0.762651966399682
-0.617792834623909
-2.19690674528715
0.520517130137137
0.993936381132624
-1.13832393665113
-0.222040442139322
-1.93497404516799
-0.446793614433129
-0.283506818234412
1.08832093864933
-0.558003407156898
0.0742828645147291
1.21624234796561
-2.31117813002795
1.07951746967258
0.270004807269522
-0.320788580376958
-0.795521818468872
0.103762711448597
1.68448109423468
-0.362033997672602
0.464849663163456
0.411097621837123
-0.0188543100326825
-0.705600477146198
-1.07401970598736
1.07107385969946
1.5980789740277
0.0410371536933486
-1.22396221215876
-0.0356682848438773
0.587096715779786
-1.479761774963
-0.244367800742877
0.329672913719844
-1.70930041697945
-1.15917082290747
0.523323404510348
-1.03563213438531
0.0421719160611679
0.447898776175687
0.974516760673888
0.196019837533801
-0.84429304895816
0.67996399977999
-0.148472136533413
-2.44714592478125
0.0491115519639889
-0.510014963980022
-0.265782703836445
0.327703690813331
-1.40919522524789
1.6430526078446
1.35006996969364
0.65639635794136
-0.133749144194663
0.088679266835122
-1.01208934784469
-0.420226976521797
-0.283862215570003
-0.0383391346174239
-0.863686864995631
0.794361861159836
-1.41298487066508
1.06040038139461
-0.266069423481367
-0.582850112187319
0.0456467559812107
-0.467284006915785
-1.09029114962013
0.592277742896432
1.84806518886296
-0.681123118390482
-0.681557699119691
0.912383237201708
1.23346228600962
0.370650726482312
-0.945450533644648
-0.0741776965085794
0.531282892818752
1.04879035769281
-0.243049116546176
0.0421706839580844
1.24451671059264
-1.60855011258087
-1.08993672353794
0.269044186930276
-0.35286317567005
-0.408551724649853
0.269464302907495
-1.36227143689492
0.284543795918393
-0.564641129904707
0.889053325686634
-0.0452390427246973
-0.736454241576297
-0.870274387770008
-0.0217156579284676
-0.840671014048348
1.35219055998541
-0.14728559881526
2.58836953058608
-0.0713869793702263
0.516796981354632
-1.23769566578442
-0.354423692643355
0.709830535372567
-0.30727678328569
0.33740006388137
-2.40423984706899
0.773633613132627
1.40093591650649
1.06733137499721
-0.656874530029663
-0.0612881632488127
0.639513123783676
0.243111061244906
-1.30389730127255
0.959180910870965
0.579873397162458
-1.52218678109918
0.701263740313103
-1.65349712473429
1.7688893066771
0.754926029495973
0.4129760553029
-0.640959770977819
1.21583210735713
-0.489996910470034
1.10162280508745
-1.93190348239861
-1.20574642296071
0.656366200629072
0.705022932492406
0.594345253790431
1.14109250257306
-0.72449517472702
0.361268701667716
-2.468482975571
-1.25276978106894
0.622483328976792
2.28297760640521
-0.815003833957141
1.2356124254749
-1.08411856377292
-0.729832685075311
0.18282614036957
-0.817839038837787
-0.425563200459762
0.754140885540015
0.0274973475874781
2.00806804790242
-0.261438699500416
1.06199989850489
-0.33220152271571
-1.33654187191164
0.569641836964075
-0.374246885776993
1.58512912364121
0.531810482248801
1.48540488903569
0.993628434664869
1.20439237515681
1.35443490611108
-0.544309243983244
-0.16353896674412
0.336117251152106
0.370390815164455
1.55510595865988
0.441013755936159
0.599248778408506
0.912521534996211
-0.479342741792264
-1.02477359044972
0.731087791774884
-0.667581727373642
-0.22965137933637
-0.637583339774001
-2.8999242403606
1.97170984968209
1.29300447763786
-1.57075004251231
0.443545773557097
0.137322988603442
-1.28681785273515
0.725471410490633
-0.0507348454748874
0.3957728203475
-1.53275810703982
-1.11922621770347
0.23847696929761
-1.93501238297795
-0.00166428964038041
0.137358091835145
0.826587134441297
-0.0682368635648746
-0.915826936674349
-0.481590142481344
0.854615126708998
0.344375887484519
-0.695360500800308
0.644667997894301
-0.868971609198657
0.597909822351643
-0.530745229411673
-0.900986278178967
-2.04561164111727
0.318722406541816
1.64535062536937
0.934825885490876
0.818850572929003
1.08136978437421
0.0912401025886123
-1.41620872360021
-0.556648505962363
0.606861370456737
0.259650380691007
-0.218148380139445
-0.289116936153663
-0.879177268095972
-1.71442808059899
0.0510771317790737
1.17604696392332
0.847594720393599
-0.519834173632096
2.1529747286399
0.368314978867891
-0.946151031720975
-0.0425746033459376
-1.52407716950936
-0.980041253719934
0.74011536522474
-3.37261446101851
0.466480998112802
-0.532836921175559
-0.923520333502844
1.34754578656913
0.253644375267882
1.0101434790797
-1.70199085603768
-0.282059091989075
0.128508876780444
0.108162047128678
-0.197852599786447
-0.0929095342836928
-0.410305568402025
2.07255407590048
-0.410830094307578
0.279609447247327
-0.975774578085779
0.14894896115085
2.44370474384403
0.373911625285642
0.998976195117156
0.187461944145961
-0.986039895164673
1.84447208355523
-0.373093164645956
-0.760865351690331
-0.0925422843693988
-0.152400397943665
-0.132741449582013
-0.899159375118094
0.125815023887029
-0.188362990897384
-0.301357690412874
1.67728728161052
-0.241270951677463
-0.109057981270959
-1.43216648663431
-1.08168597773441
-0.964811546107824
0.460535895076506
-0.150992919849907
-0.101777030647015
-1.46746328960083
0.250884649736253
-1.30484239007224
0.0460002616998717
-1.55030790302425
-0.0338963342868444
0.814160264882931
2.1200571435136
2.37106649399837
2.64085121580557
-0.409010491993796
0.018362833732384
-0.313418805183528
-0.304739615654587
-0.339463744358858
1.23652646332126
-1.12827338583801
-0.478860924700021
-1.87704203946053
-0.286813476271558
0.0422378853614534
0.0442653138616444
-0.95267932517113
-0.606321912838716
-1.08219780276856
2.46288330163802
-0.696792148904887
1.39058068850639
1.15656002840355
0.212700677899407
-0.0413979945344125
-0.449663550745953
-1.13482866231649
-0.104928597486321
-0.636772623528854
-1.66125937856499
-0.683728014894514
-1.08355842853877
-1.15943868151691
0.853828856769054
-0.789992616089096
0.524862947099724
1.00258536701336
-1.10476966188615
1.03581409503384
-0.796942532387339
0.550435776814438
0.789602633717146
0.65996550773676
-0.449004729003004
-0.990869590512005
-1.89913036652969
-1.35006321122324
-0.00898538905430895
-0.00958049316521302
0.151782206806481
-1.01775208488942
-0.00973041539330126
-0.986510795298025
-0.33205505359038
-0.944966659131367
0.0733541853226721
-0.763667082166772
-0.553734210292473
1.49668921841848
0.0199823321702942
0.995518398347276
0.767706376865341
0.612074669966545
-0.152517213983186
-0.941927575573046
-0.581464841325581
-0.649628210538017
-0.998025631032337
0.553930901625458
-1.04415217427854
-0.494005963223073
-2.33519698736822
0.340810744681795
0.0288051846414312
-1.85932210164873
-1.36245482417211
0.530275792894524
0.728787251204701
0.195881990717513
-1.00119781338001
0.85522960164173
-0.0784037596119507
0.196595762090601
1.07940272642186
-0.379436165583441
0.239866143478398
-0.350317677704131
-1.38919551412828
0.891442328112162
0.591583053136959
0.0245813181011237
0.435992460581114
-2.22413690423256
0.220646290091897
-0.724196052290673
-0.68866855591363
-1.54522986471423
-1.15822379939509
0.467089637554375
0.292978871193855
0.664097181315132
-1.02174916368762
1.27560497343209
-0.587225209354957
0.683266992956149
0.89788418661911
0.42893165436692
1.16027039555766
0.0802919190599067
0.223097841720278
-0.0324908640942887
1.55386717727924
-1.01739893428167
-0.993076101779298
0.390963933145581
0.615726539407057
0.202744278974945
-1.43704454125254
-0.472172722781849
-1.32682811876057
-0.132776053555354
-0.0508717633486095
-0.162692030639178
-0.0364842511680451
1.03532444912269
0.0326143821453571
0.0757551335928037
-0.309366109254287
-1.23256721430018
0.871282854714816
-0.842474786827055
0.389580390912111
2.98368802627732
0.0316717573691562
0.649062748145793
0.887479232216732
0.542621495253881
0.217065449972681
0.480774649218301
0.101791228901268
0.801482331249885
-0.0465157648744252
-0.0322688680202204
-0.688025257865038
1.4744241721679
0.342703752812888
-0.33923924236004
1.10024192834597
0.153530397226468
0.00933541790109895
-0.874167997691108
1.27859707139412
0.460728674166645
0.241451282864539
0.659210713770661
-2.02293839427752
0.126108485577886
-0.701394338146233
0.176667624150828
-2.0701383562164
-1.63823163644718
2.01027898010505
-0.780902737462221
-0.970391512226494
0.201586206524533
1.16330073578227
-1.66134834707189
-1.56091160065952
1.96695902556939
-1.60797424387664
0.569828120678763
0.261069618978397
0.15194383130057
0.753420613351621
1.81477099881654
0.779379794084179
0.862365124330724
-0.701290804537335
-1.03719261119076
1.66153698802094
-0.197832800086398
-0.393099079194966
0.750798631266648
-0.165113500956948
-0.841734331438118
0.568654448408453
-0.0323049431597308
0.422189594644977
0.313023335272749
0.208942672251687
0.159700499939671
-1.77708150863634
-0.041818465971016
-0.0691361036874279
-1.15282937577467
-1.9241417523517
0.593691673965901
2.39020715476137
-2.30099040107225
1.51102584173691
-1.22523052378839
0.108803590033112
0.119556051249188
0.443724317208933
1.16017168365995
-1.62849316362188
0.0266435321867546
-0.346521674292022
-0.223320024151362
-0.434834786512301
1.02142266950523
1.38144974436319
2.03192590181199
0.17715930169996
0.147214181091581
0.442170844193603
-0.804328248242145
-1.09122264023918
1.52097836734252
-1.29985631042267
-0.535640300276567
1.19077991252962
-0.782471674253964
0.524706883032064
-0.515224468467387
-1.24712275327737
-1.51253668143682
-0.330543969863122
-0.216664246383111
-1.5743597289804
1.20535438273675
-0.477302170928486
-1.2520200604293
-0.168550864479456
-1.24368574595871
2.42307390827168
1.54322797507289
0.968141769541463
0.469620304856323
-0.439308333417156
-0.00874085923840927
0.292764811747011
0.543431720386751
-0.364187347803219
-1.27920255321559
-0.291278315857717
-0.478022915875733
-1.13171695636882
1.23230139036136
1.04001525372763
0.374370123979805
0.924930028559224
0.521230092673586
-1.91678295840515
0.411381988535168
0.400465222178031
0.226449972321577
-1.68986469070901
1.07315068018002
1.15943628209209
-1.29622682700203
0.364105191794065
0.46006975503708
-0.297127632551342
-0.906738148070904
-0.367319189269631
-0.852491980218893
-0.385248535822261
1.81482527194103
-1.05382873077977
1.01599391983423
-0.899906943516727
2.37941793468269
-0.498588499153508
-0.618554940721042
1.06634107869667
0.555479678760331
-1.39033533691038
0.323972078607207
-0.242976978848079
1.34851854058035
-0.50633287187058
0.578091161206483
-0.0960230280879144
0.952316169790448
-2.01508180827816
-1.85287579331923
0.0815837199030819
1.04920631217614
1.53899535926644
-2.55309278855159
-1.38950418959335
-1.24838762942238
0.316106845097688
1.99404890489037
-0.084891697135857
0.000938646409366489
-1.1179761156236
0.86784133836294
-0.414083061612822
0.160429090283127
1.84493809421896
-0.364967332739627
0.389149297386603
0.43496133514834
0.492125246127304
2.38779509439992
-0.435709191605376
-0.564288917304294
0.522072475285311
1.08702566837625
-0.956598002721249
0.194782197954805
0.426641891889894
1.22470417341788
1.8415041948768
0.115947360908602
0.252758532140441
0.49862721551122
-1.10357950530457
-3.13949432558936
1.16129614023856
-0.591803226336462
-0.71792133728954
-0.248170671060133
0.860809038613373
-0.870571657726423
0.672000731387571
0.627842347633201
-0.764429628900408
0.33116821340441
0.707787869210687
-0.0999053928131762
-1.14160056262707
0.893626733892355
-1.42862339916137
0.419974003610829
-0.719563645056813
-0.41631352502519
1.22770853930055
-0.935731301378277
0.529010111596103
0.467070210545369
-0.0839821696193275
2.11829714944847
0.650400200205324
-2.00732969305966
-0.486413618097434
0.281516192074015
-0.0555857512607943
-0.145968740333333
0.131114618658918
-2.0052926465827
0.474168346235017
-0.585969178347903
-1.38827113794508
0.114908681108532
0.228990063745157
-1.39679063470564
-1.28030324844898
0.471628673859041
1.10790161597438
0.769689438522828
-0.194080874448482
0.646798858502152
-0.656064701335807
0.658230620358284
-0.222541706786008
-0.193908124661704
2.49584554655948
-0.43495084784667
-0.295114581354631
-1.03337092144241
-0.686360437710921
0.445857524041216
2.02640321473649
-0.00820239861018721
-0.633573671582214
-0.795609142077245
0.377235618070081
-0.260759944461765
2.43047407675913
-0.725274500471444
0.579677554834039
-2.03447847241666
-1.33888305307054
1.03249395124014
-0.579266327797863
-1.72871514449525
1.3217742960098
0.154461887368592
0.0966754380015414
0.483711406714865
-1.22011211946408
0.56881670037026
1.07284887888583
1.0816225411248
0.259380937524004
0.713300172324358
0.271157452573803
0.0987838229649304
0.125451797764952
0.297270782381728
-0.838116427668391
-0.808135769776772
-0.0644642815608418
-1.48190917316129
-1.12471809302845
-0.937579664526534
-0.284191526201773
-1.33980951866164
-0.199522500658688
-0.0590300901973871
-2.4570351141345
-1.19157909818315
-0.425621001307892
1.67405269271728
-0.120707697676059
-1.04213151526377
1.18376640388621
-1.05220879145889
-1.50434275615401
-1.3198295727026
0.634357436685837
-1.24105210883809
0.890110968225389
-0.404950736348063
0.294423867729072
-0.518062431561655
0.125157430533306
-1.90413264193546
-0.758300789306234
-0.155821109080921
-0.58529274107969
0.957617758814674
-0.112262632380096
0.534042528511102
0.720487095916309
0.0750497827800859
1.11674371440062
1.32471519145762
0.77505321382105
-0.841636469335649
0.166501490184087
-0.0642317873341382
-0.00829440899629361
-0.928906658628729
-1.15450263180529
0.816098821146283
-0.81856704840469
1.05232786295124
1.75899715167253
1.45657584043271
-0.730367991911641
-2.74609905588106
-0.494509945893318
0.0539251581034822
-0.733886627478439
0.909528604522791
0.603502803653388
0.493670453786768
0.64386085383305
-0.174323434645493
-1.28064323444105
1.78183442206185
0.079544248647717
-0.282737221005562
0.0245863663160086
1.20102520106595
0.0729507423716525
-0.724669227579241
-0.186939091016053
0.340482338515887
0.779696909189245
0.217483751404933
-0.296427436374598
1.64000625756937
0.250111679284528
-1.07146349587197
-2.30803637362889
-0.672226512795067
-0.0893314014918383
0.939507678897154
0.352266207385736
0.794285344849949
0.379529957174464
-1.67024759217381
0.912490368058373
-0.921866020997193
-0.057339415839692
-0.316375001251603
0.816552566397518
1.44597821700453
0.693202745486159
-0.898514467697659
0.187140291806433
1.34260236617645
0.580871231605422
-0.00510033092917892
1.60827389214097
-0.836197475369803
1.41191370950565
-0.116808397410385
-0.168042099931888
-0.319862165682489
-0.660605354920092
0.527361640057587
1.12456570737347
-1.43257062763265
-1.5364795720785
1.64692846911063
0.93299145417309
-0.477386361356371
-0.687979334681764
1.18484493953541
-0.413411504858573
0.722696014861821
-0.0496556749624422
0.201841424900385
-1.64669629497429
-0.693103942482601
-0.180770582009032
-1.58201795672655
0.832156636442978
0.525864531102748
0.0958485548424392
-0.494009158666929
-0.196429367297543
-1.65980055255826
-1.58320866650706
0.555128762372134
-1.17980945749436
-0.281475431042885
-0.481242997609876
1.64902450100194
0.280599703259074
-0.863924611791248
-0.433617111750906
0.0386359614173325
0.667372864172442
2.00888337984596
-1.8180706857126
1.82549839476887
0.105045777544298
-0.131661567330337
-0.0215464159343935
0.401417210703963
-1.50511609826134
2.03142520549285
0.0952664875487743
-1.87328389257418
0.398843100929247
1.52643271233081
0.832023262445405
-0.135572274515999
0.797051983931742
0.573626487600536
1.38513167217731
0.158756070542142
0.111336457087508
-0.878561213326064
0.794418121504952
-1.19018775978324
-0.291498323343931
-0.727143817162246
0.121479890210167
-0.260112965062879
0.600394339128401
-1.95771791614051
-0.334432132175055
-0.109638017803365
0.692605711106766
1.78177208573234
-0.673332604153572
-0.85662343735086
-0.245624867266703
0.641943497335622
-2.18352637576911
1.05981109228624
-0.331213840213807
-1.18155368566409
0.89541340983719
0.992615738982139
-1.54686469375485
-0.236484033005259
1.06943365057388
2.78327254208291
-0.614411974486016
-0.331862329564653
-0.285348335401086
-1.1513554492049
-0.0142334634060907
0.146376287022731
-1.35861841722335
0.73037979951787
-0.794076209231117
0.962756985425521
0.925155975551191
-0.124695150781774
-0.12775462235537
-0.265494669307511
-1.04046937297057
-1.25261724835389
0.456488558565882
1.80167971047019
1.11583742526147
-0.61088448188859
-0.459169929776267
0.274078287594934
0.209121610139654
2.12671261743931
-0.325882223844895
-0.62853935276064
-0.346208683788536
0.279882382393876
-0.256896567832482
0.0677125700605456
-0.638603864301061
-1.79567402900633
-0.379493793621783
1.44942569725588
-1.6923391245492
-1.09749211079642
-0.627353824222958
1.2504138374467
1.57850519105613
-0.248521073853505
-0.744197257816171
0.293587991477433
-0.516524042276901
1.38813881016262
1.58674091812836
0.801685207632704
-0.0970362478683575
-2.31865542746712
-0.081992974010688
2.45042640331243
1.34881142389041
0.113987676436902
1.9082990537813
-0.655358151851832
0.301356715668795
-0.811882954850464
0.606598831822143
0.781758936351597
0.283477372698114
2.06901243718031
0.819276395828974
1.48695806460316
-1.69374839341452
-0.927363703060928
0.180127683173115
-0.756574420498433
-0.0140643221847669
0.554922971349718
-0.10284710157099
-0.242255576272494
1.61005693347242
0.374348671056194
-0.701802928792071
-1.3693305263758
-0.0796406987080559
-0.475350196673168
-1.42919081210595
-0.720497591919608
-0.580817876195394
0.78141166461182
0.6818523587254
-1.04254045761873
0.770347493017271
-1.15175166582409
0.55199952357229
1.04892880420381
0.230357757263883
1.75086457587457
0.614900966883753
-2.22163310988561
0.604345527845611
1.32793715108877
0.00121015779421415
1.24905177521335
-0.415353639557095
-0.953456829673809
-0.578961667778646
0.267006833169425
0.324669832370052
-0.289755714933236
-0.325743544441927
0.591590040657072
-1.24756748582047
-2.14748815299984
0.647790316156706
-0.031263463963666
0.338126070192718
0.33506990686558
0.439859228850411
1.60342761795273
-1.82119227511177
-2.37084770082762
0.794839064608283
0.354668273546154
0.0179846856250938
1.31700330722565
0.250999813986122
-1.64536560241833
0.4768954823133
0.55175985527451
1.20918710739727
-0.341521780479571
0.272206266892327
1.99405880211526
-0.404047946510063
-0.599305259630542
-0.607807732270539
-1.14310439138865
0.611132882831125
0.268000373138612
-1.02314145309695
-0.798544520105532
1.09747587156268
-0.148359738262922
0.215925028459505
0.338134396924434
-1.43249523584934
-0.0904333175183299
-0.172859416542833
-0.21717309023268
-0.574217975143587
-0.818765859190563
-0.13040500441895
1.35716331707983
0.211431582132632
1.41916203856704
0.0270502068962307
-0.340807715069446
1.38460623577091
0.019271446131129
0.486295335712971
-1.23962370480693
1.13677683788934
-1.12497462823788
-0.444270055563607
-0.347596845615547
1.19323479123002
-0.944413869914532
0.142945739260554
0.141139114126561
1.01672957322258
0.900532474645089
1.36238036069496
0.194414546944356
-1.34789255246824
1.5775495916244
1.31022115469197
0.805588773187459
-1.60611672909538
-0.320578871790641
1.19171425810046
1.25881276851847
0.24715507750855
-0.942076168214343
-1.03195637099944
0.259033755133314
-0.102806593117034
-0.112084753795444
-1.14790120712362
-0.57801728210872
1.48377371486411
0.100718469980486
0.381325460660741
-0.754913280090102
1.32967322723238
1.04724505052847
-0.0454126378509257
-0.0222957893961583
0.367726035637579
1.16306678718302
0.264359837651252
1.54094737169722
0.874829934853087
0.158906986671977
1.36078815858696
-1.70816297729504
-0.404620340094866
-0.13224708826744
-0.896854524716733
0.421103839180387
-0.186272207014649
1.49384786227455
-1.83793869885391
2.91613233991656
-0.0415239599015997
-1.98555511276152
-1.8856196689783
-0.658853653123742
1.10118793833059
0.230447723086684
1.05568874573286
-2.01455437471246
0.039702230657086
-0.098864918617003
-1.68790462714344
-0.120577676403123
1.09178114062014
0.499462497625929
-0.321839093788884
0.964995269241732
-0.0430565689962833
-0.139625120441408
-1.9385118983629
2.01025371022931
-1.02091789546518
-1.79197276307815
0.305468768854592
0.18307653175763
0.616033517193889
0.673917320724633
-0.236663651317579
-0.667457367638508
0.7229008800904
1.50855540792679
1.39157857317195
-0.066293258626673
1.21146959196753
-0.683984830267112
0.161129456560405
-1.4583953460189
0.289711718033603
-1.56070682775367
0.422833064801829
1.58973738260576
-0.468594468445275
0.133568680098369
-1.26435281841165
-0.583876284819395
-0.522905962926361
0.554035807041967
1.1170469855493
0.817531603975438
-0.24549910404022
-1.00413639849488
-1.864609229873
-0.285269417560824
1.97376211547174
-0.817144861989753
0.507873966784295
0.0549324478420427
-0.00256456938687209
1.15487433100302
-0.327330250150089
-0.0727031174823364
0.731776374117879
-0.235508417403212
-0.490306042194538
1.76545351264319
0.633200152070632
0.656541336974551
-0.644913192022059
-1.11231027956839
0.539653162842283
-1.47068207299297
0.462191290300667
-1.6092793924065
1.99386383412803
0.0699084015384524
-0.497398064811128
0.232216511236832
-0.153317251029841
-0.794744349620354
-1.703286676146
-0.773251109327525
-0.224603035708627
-0.378176780639061
0.780162954958039
0.558082485237542
0.303110518907137
0.78574640683957
1.40355810727541
-0.704780296619469
0.0867932121668719
-0.424605839049076
0.403778523533834
-0.0757959181286347
0.924189832749584
-0.321540972955374
0.855280597361115
-0.0308715587307177
-0.320477958656108
-0.66229512193313
0.513813282947262
-0.961245682222827
-1.00633192091664
-1.51762991327689
-0.209581411586663
-1.77784961434788
0.0826338785689836
-1.25574619754249
-0.322140511082426
0.968096469961991
0.344374511129068
-0.430882916964576
1.56466275303408
0.258125979662302
-0.100832519894654
1.44872976147894
0.873149746062046
-0.0359810471045308
0.714595175422142
-0.431475377152005
-1.39061388074252
0.759771063303358
-0.142088247889717
-1.36907838846656
1.34007000820827
-2.74074106846519
-1.10423817834752
-0.814295824954972
1.00891177065718
-0.822136217677123
-0.0225393508599615
0.537986199411917
-0.245903487295005
-0.884618630369565
-0.302932816813559
-0.460450932343949
0.590672251658847
-0.736514594774651
-0.74566842438579
0.946508596724194
-0.233938708404593
0.662548436008433
-0.284788030026545
-0.287958903902926
-1.54669578973411
0.318906136431908
-0.198141236470857
0.663685337098993
0.722045290417277
0.186137103309144
0.469820187861617
0.852599109471813
0.0284569248884499
-0.519494568395744
0.0310739287705029
0.332877168189398
-1.30041229177958
0.665747909816773
0.854647305004499
-1.01258064228261
0.680139073405051
0.397795165897356
0.0686542283859277
-0.0716308338532455
0.00713263640046073
0.0215499024589701
0.578624267903013
0.152434329639909
-1.10869399742329
-0.295635568590826
-0.750262685569238
1.2004682226171
-0.190776533626489
1.15402990459089
-0.580870961329522
0.357811393358575
0.31100627041021
0.711315773254247
-0.977787395516764
0.162608769590042
2.05487625129538
1.73635773335993
1.52646307746615
1.01013518833438
-2.11996951115667
1.84032223848876
0.466140948070739
0.0717563146257851
0.814036786505661
0.620351360780077
-0.298489604333016
0.70059185160864
-0.4457064043484
-0.479293743837235
-0.212219261284567
0.453646157987079
1.56244359315329
1.05263487282096
0.239942389222361
2.63954585365449
0.684711928149029
1.44031593676261
-0.826741211123631
1.79116130330489
-0.73359819685485
-0.417612689942678
0.258073144033356
1.40998234254229
0.0398403601967706
1.71514742036113
1.88305875802921
-1.23814042928767
-0.600609058899373
-0.555075766304857
1.47453133516645
-2.20198984657995
-1.23207978087991
0.809832873987069
0.088047844691055
1.70551144788867
-0.373039689857211
1.14887339942831
-0.0875257478189452
2.41595553895544
-0.0416741147917144
1.44730501407166
0.359334185139674
0.528269493471383
0.349414878226304
1.08736853498551
0.41589732204252
-0.690610043847303
1.12309548504256
-0.301588191553045
-0.359079174510181
0.592981308378444
-0.395685002666399
-0.0311070035357251
0.447770605850448
-1.3297258160968
0.54641531666537
0.884937640592752
-0.130089637274871
0.974289887071795
-0.519903850226045
-1.08718948910146
-0.57954386742369
-0.692820698542701
0.122254446073084
-0.64683379283747
-0.684875172844316
0.581948821508158
2.01982608004061
-0.803930592009849
-0.042595303564985
0.180334561081019
1.50701589835735
0.187140742135809
-0.249359746431559
0.630675271425195
-0.968488375628193
-1.68198729505773
0.502151797025162
-1.24189831867294
-1.36579366659138
0.74450751387201
0.829286328389331
-0.505672960204235
0.0318058215982482
-0.515016720773725
0.105199314270484
-0.0926464552173717
0.290264049556423
0.15415039126519
-0.267464561938551
-1.29311384660822
-0.503445036856904
0.804608252698684
0.794088603890741
-0.181105714170456
0.266254926877401
0.907373765114611
-0.841018415819047
0.799464422831443
1.11730651502923
-0.711107582440071
-0.515938520407359
-0.590029933821355
0.544317781477028
0.923104453894146
0.0518156998695186
-1.9048723021913
-0.0889711782605987
-0.0867978778516306
0.997035418071941
-0.14764388112393
0.236705483160082
0.565892732325176
0.202624085808965
0.935953745773913
-0.631483385196523
0.0875349115576373
0.232083413567764
-0.610162277369265
1.0679698713794
-0.709260887595418
0.627212354684118
-2.27773688324396
1.000535260868
2.39918043817905
0.298262476440156
0.173069258843388
1.0064000747627
1.48976156301875
1.10198813353207
0.194420345614423
-0.563651964262685
1.21637800088367
-1.00187714754851
1.02856965513254
0.444349168422426
0.268860092391116
0.737692528446556
-0.0630549976907304
-0.714605077923937
-0.392092237926912
-1.12290949411525
0.839134154913839
-1.15729270771383
-1.26826137605127
-0.978789614220482
0.519035341850162
0.514829031318022
-0.327239487043855
-0.511973275467654
0.349830536229133
1.25359729686683
2.48299513345096
0.987307079606646
-0.111223020478812
0.785627976164936
-0.101827779981815
0.870637527483317
0.933061488688786
-1.01932970578929
-0.165178911503697
-0.981232309699694
1.16382357864615
0.813707346835121
-0.0749416590202324
0.601921498331458
0.456190921178391
-0.530263000356063
-2.16536058643252
-1.70845387339061
0.0379485324790852
-1.06825418885162
0.53817542261333
1.27103419405865
-0.166892644469904
0.251459891372744
-0.224362276610584
-0.815067624025497
0.35695459380348
-0.206573924689096
-0.0565022249046717
0.313027638859407
-2.22162918788356
0.462706792656875
-0.312655887960289
1.36916192877706
0.652283167334078
1.01002177043898
0.553493352393733
-0.470403275311103
-1.01688182091454
-0.281307762700469
-0.0262054463423286
1.07354828618118
-1.84661724834914
1.49379783705392
-1.91911716973664
-0.135707380962252
-0.179515802292994
-0.282300290814323
-0.122896268783909
-0.453812092534624
0.568382016294362
0.656712620525275
0.187035724297488
0.442205792984871
0.115712035577547
-1.23050628716015
-0.911573930951389
3.15071239803389
-0.200855721084456
-0.912447631223338
0.388508458582867
0.821585741568536
1.22970450482095
-0.721955664218255
-0.601626387941639
-0.359706298087208
-0.689894075995737
-1.48395237774533
1.50937033072888
0.689890888252027
-0.675864596309597
0.262343874744216
1.31833496537853
-0.728329943438214
-1.0756870246688
0.774386622494124
0.449407547283356
-2.48540524052722
0.783703106357601
2.17851353479051
1.88568259407192
-0.329201482516175
0.171418890787993
-0.0936015868363413
-0.123664607006774
-0.228827898155028
0.153459400759247
0.528634623499772
2.12872038738951
-1.48227958495625
-0.51574878527922
0.95889613077232
-1.41100510008481
-0.250434387330681
-0.948992901500617
0.253052531282703
0.854307315331502
-0.433373478979162
-0.459908708126157
-1.60365888481965
-0.0757769410276209
0.545730538467443
-0.216504422726414
0.542297424449731
2.26732785100963
0.426593519470035
-0.983103071889869
-0.420819640521112
0.880332000349579
1.28197945794767
1.70320457312884
-0.660120526146832
0.554079741976616
-1.31744609534471
-0.567685253228684
2.85829486433557
0.1077469343375
-1.32862467015413
-0.486179812805315
-1.36146407436285
0.23204617743185
0.226116248663941
-0.469024554406214
0.844237524694704
0.476958608215545
-1.28623151947623
-0.460562634512407
0.00742574569258684
-0.878027941138895
1.42614926349076
0.228434493361943
0.737583497923529
0.137894556766244
-1.022363533346
-1.16303906067082
1.13243494576559
0.0537735914572092
-0.317201111505959
-0.716945059147706
-0.807669090071659
-0.939413763461352
-0.318350520548334
-0.0856093867823714
-0.940351950740934
-2.22127179287237
1.71243136938321
-0.258858580621166
0.502208598047416
-0.47988549396478
0.837900324336571
-0.776545009743869
1.24219971678264
1.11509790803493
-1.61932529584933
-0.250921367130739
-0.421878894546496
1.05513067931122
0.404367556623522
-0.575970798279184
-0.628836419793169
0.0795801095704141
0.0985365858579039
-0.93503636650679
0.861047439443339
1.00553691972201
-0.0870581971756426
1.49289064212697
0.841306347838752
0.0976287001099343
1.07494002850369
-0.4529213155537
-0.674376768573387
-0.667678280023475
0.926182522137793
-0.0966443990900265
-1.60308960593732
-0.145877089752231
-2.05068461006596
-1.59149114596062
1.01277555081944
-1.19899625337698
-0.551133635473839
1.11190132008154
0.0129040214751858
1.22975260489607
-1.13162812842302
-0.884375106728502
-0.154758187785316
-0.1706830843293
0.31064225223661
0.437892804991429
1.73674541789153
-0.690481438616714
0.0930713342824649
-0.132678907738083
-0.290482130456168
-1.1274662557938
2.12594248468575
0.0500698841834331
0.0950053484532347
-1.18728577734211
-1.80929225239773
0.878142496446769
0.0689178013153538
-1.74853049519739
-3.21845580082625
-2.64794414862002
0.383200170145728
0.876062229257193
0.868191666210629
-1.19882417487955
0.619623326355287
-0.529677573157941
1.03915263348127
0.189903181459011
-0.524104345363291
0.376738807292074
-1.80140265569608
0.773200554749945
0.338901664613892
-1.34439011478986
-1.06501476741542
0.0285473800995831
0.319880006463652
0.347115838247013
0.719273213462466
0.688339618474566
-1.89672526918965
-1.98614932636818
-0.865967383799853
-0.459594251201068
0.543179948244924
-1.43908421906578
1.33479636532371
0.446935969022173
0.606132216946914
-0.835580113094972
-0.450164179876648
1.26181699983278
0.890741249053516
1.08111591458217
-1.47490244231876
-1.0828654601324
-0.639480707787527
1.06492677573036
-1.36710172234985
0.0385499430909115
1.44842953884656
-1.3264841589904
1.44507487200545
0.267792229760354
-0.42331773689455
0.210669432638983
-1.02914330272021
-0.474085971492511
0.563651616433823
0.378605868384372
0.261889280491636
-0.148106646249827
0.245200875700227
-0.515002692412973
-1.14179626658808
-1.44873527692115
0.43585881031459
-1.87418995574591
0.0667891592767419
-0.315231325601802
0.335442509716699
-0.32236154073546
0.525580539036331
0.0909262809952192
2.03323420719104
0.115902049293212
-0.567003261870876
-0.469966535553991
0.926071102474127
0.573646731381012
-0.622130898089051
-0.0632305978078388
-0.75275520352148
-0.716721590234135
-0.66121139043543
-0.0875191644329556
1.12598787462921
-0.306788667706715
-1.48099504972393
0.0608702180415594
-0.431290177984164
0.316887173442034
0.18641499562891
1.34026655859332
-1.73966824436142
-0.538976291629967
1.12029736459367
1.73381658742455
0.994374329581053
0.783838225829553
-0.322569966380892
0.0968229505872605
-0.212089333611924
-1.38343339536756
-0.834543309358865
-0.0814094749274303
0.353850578298547
-0.608992278480855
0.457428594799538
2.4510127165923
-0.35603255374691
1.05555802013802
0.140421243875326
-1.80308761960436
-1.1823112889105
0.927623368494916
-1.63081350901864
0.00783941422607556
0.119634391566157
-0.883907821333082
0.550761653718866
-1.21139207639139
-0.846163998270301
-0.641361148235769
0.772833048330869
0.514384996004771
-0.333079066186931
-1.80498620863818
0.0865784872387809
0.499670487907142
1.03936716625865
0.0736695673304347
1.03795613486485
-0.743954979852692
-0.32331279452005
0.35006180956066
-0.0997610759994861
-0.549257049184281
0.659240998085182
-0.324926715975181
-2.43447708873354
-0.344979103460047
-0.747318716825274
0.851833105781361
-2.36162497658164
0.270481585172953
0.898084700894155
0.212069593718305
-0.218765455970278
2.22900425228613
-1.69970286474746
-0.138264088670633
-0.162881632251511
0.196052063252339
2.66642392487327
-1.08905312746469
1.17181492205703
-0.519049716473393
-1.23750713699186
-0.550365286310868
-0.00530267013438801
1.11130230722597
1.09670676043489
0.15468079240775
-0.0989298034441326
-0.72560431903496
1.09874474024038
-0.136250115092406
0.31941608327649
0.793480057276443
0.0506933311451826
0.0385591363598436
0.651551754060003
-0.293631969141308
-2.3453758241373
-0.380930780396489
1.27094529833348
1.50972612841926
-0.145847245952892
0.436574398943621
0.528277170809121
-0.808292158041454
1.73002218414708
1.09294619714258
0.277582530808475
-1.70421920122801
1.41598753992651
1.5076835042068
-0.0644367319691371
2.27375001904827
0.0240317630851704
0.704452174538439
-1.50898985922172
-0.326527671470637
-0.248848488852264
0.291487278505416
-1.1456864498793
0.653930109895004
-0.172685040909765
2.38529128657164
0.172111888843678
0.464498000225909
-0.730479288300358
0.604904297372195
-0.53472855125562
-0.0955331148143781
0.177693376851788
0.378186527772378
0.602624044838967
-1.76253301998237
1.85920252861833
-0.014037557738747
0.427472554333111
0.0713645426297653
-0.438615399548057
-0.145575142690846
0.649561094045879
1.0720961222585
0.663399978347913
-1.45496529801906
0.684038997272888
-0.632462397500323
-0.0797756948917801
0.366969735608824
-0.356752666407897
1.10610577484917
3.12447542541694
1.19696087890337
0.182001575587855
-0.48315391855466
0.504181205844135
0.799147774513863
0.329848418262583
0.998541051661408
0.290718926185081
-0.565026926357087
-0.410862299346507
0.792251716516113
-0.357814779080983
-0.488495072045569
0.00564347442499318
-0.0696172593639724
0.808130768286329
-0.0428972492535361
-0.193639825152358
-2.41229116246918
-0.550315869521942
1.60332625705233
0.419727585966912
0.16525386113122
1.29718327105675
-0.180086678007673
-0.129409879005819
0.23188267848307
0.281176501092786
-0.490852566550736
0.961041768047962
-0.680848499438888
-0.540969757132569
-0.526339376872475
-0.529273126557167
-0.277993540504645
-0.18421827956157
-2.53002924707699
0.816829469672416
0.647062540828243
1.2794390211368
-0.25710340420177
-0.60006699872814
0.482930924909791
-1.5352809821799
-0.0937938710790441
0.161776577761816
-0.577257668005017
-0.294109172371891
-2.19319853908645
1.75144112000768
0.128780997414102
-0.673400728638715
-1.18421247151678
-1.17838860061873
-1.00626672087681
0.00958673012427524
-0.743258967423391
-1.37982221229354
-0.36083681458422
-1.98874600838985
1.30230079652151
-1.32965822411677
1.69172151925851
-0.094003607367048
0.272043811475874
0.558285886388805
0.238335201949612
0.936419232201353
1.27483486586084
-1.01978086596241
0.197250308185063
0.186332430982624
1.84817437338231
-0.463661296424937
1.086804842868
0.756400367201871
2.36817381839979
-1.51510541092191
-1.45375443534836
1.54874463184335
-0.744927093314896
-1.24041136977592
2.30500239466185
-0.799079380601765
-0.733900554281908
1.32142878195001
-0.0176105605818263
0.63453503339728
-1.36266635028763
-1.53862419513687
-1.36482255307736
-1.02780895180779
-0.688625842397463
-0.824437437623597
-1.27510213208711
-0.614896990073444
0.42022802928654
-2.59866634682102
1.2495593406628
0.641108768866426
1.0540296896543
-0.901097302077676
-0.00528652817289082
0.0173640995093786
-0.209646555283124
-0.938107399123407
-0.0125562038642321
-0.197115686765491
0.0470238682031027
0.4600525293328
-1.45372925480808
-0.985336346143346
-0.540265211626973
-0.799766779061972
0.648286724398177
1.36923745754782
1.54609241757075
0.256585408031428
-0.291942254916936
0.0824542484217202
0.398524897960618
-0.0826466984925665
-1.27307975200877
-0.179063334210675
0.224401444827881
1.43874040188086
0.749363332379683
0.101051611541477
0.89428550972909
0.72009244895899
-0.216472991764164
-0.00206301276065172
-0.135737644516936
-0.867745713044
-0.350009433086074
0.864473627192053
-1.05994532307508
0.812955897622381
0.521033587689116
0.14795199898884
0.202442458300302
-1.15566759991882
-0.47390554877078
-0.0768122727871633
1.29884069972234
-0.405435747841435
0.133930927038481
0.741251091616059
-1.12669612042109
1.12182907918632
-0.205849065218829
2.86439888498732
0.193101512532168
0.849037602646391
-1.7037547860089
0.122198193523372
-0.179172345902297
0.663023131080914
-0.23250322988792
2.0273270417222
0.750243987180195
-1.47410935567631
0.531237594434908
-0.58269646168882
-1.4740756346108
-0.346413568767844
-0.19271343219053
0.406242638001156
-0.410029241144224
-0.193938459182274
-1.78936662366558
-0.408562564441746
-0.261417151147705
-0.385160437323954
-0.951244929126409
-0.777809553204132
0.26767832248986
-0.526851191235002
-0.0443316696395785
1.05711048346259
0.059007114196115
-0.786839337342288
1.31017680757805
-1.55315663671132
-0.0614492540709532
-0.340176703316788
0.596884924309617
0.298536418192344
-1.605363622676
-0.938343403016504
1.73896740141691
0.758574323842772
-0.152803265974794
-0.0182595821538546
1.60079963716575
-0.32571726384683
0.656797937786956
-1.37434787596965
-0.493214578690683
-0.761187034797412
-1.96118847419587
-0.507951004404879
1.57553742925201
-1.03696399951888
-0.516413342249034
0.395940497445926
-1.02403297224453
0.885956135877808
-0.118295522618155
-0.941424052738976
-2.2455738730257
0.349325939630207
0.509346283394387
-0.132111959727119
1.36481107153906
-0.513483626050536
0.885987157256417
0.871655944652984
0.710785640846337
-1.11530098311766
-0.971267575490581
1.66713278449764
0.351934190505069
-0.264573616405385
1.02085474334483
1.7296333677473
1.45633167327533
-0.950290452160563
0.810604090564812
1.20600340837442
1.00625864897573
-2.15017519131104
-0.261643947869189
-1.51787033361918
0.229916654663419
0.715208734345317
-1.55434182543899
2.13965103625438
1.23161140974798
1.04325049250543
1.00111433704375
0.683158104169384
1.64010313720387
-0.576598109045549
0.354051428298783
1.15295551352714
1.18269178390598
-1.59943324265664
-0.0936808117381538
-2.2060927833849
-0.911012566820828
1.44928633331343
0.00702906578296544
-0.106353505874336
-0.821258424886263
0.924948532504035
-2.20488768196525
0.857279828605377
-0.807846407861468
1.38994184300069
-0.0200086411680779
-0.799281657167052
1.7561984879746
-1.39072121578727
-1.48130955886616
1.47892647234501
0.015463556352016
0.947453626089212
0.122766952760504
-1.77198305757965
1.93750900337406
-0.662138770974092
-1.31214529808277
-0.49475590458148
-0.630372609473288
-0.261660895961499
-0.149757633040064
-1.3857767085066
0.284975042876895
0.961809063590775
1.148881970924
-0.467277451054416
-0.390563027251158
0.428853009869198
0.111741492109101
-0.555972726793467
0.230324499822151
-0.070052224183461
0.987418250638079
-0.648037242231305
-2.14774595432946
-0.464879909514251
-0.454394237825462
0.654899521813198
-1.11066277405876
-0.184362065145244
2.5229925055087
1.42743733140272
0.595093481838766
0.843509060099244
-3.12819046348796
1.14478849689444
-0.24744008993184
1.44481287083102
-1.15148619904876
0.198707113089986
-0.75802176893085
-2.86862720172745
0.615536296184787
0.340010354064858
0.806275691041879
-1.23922581234071
-0.0141608175624698
1.52218366326253
2.44754980002114
1.47617081402528
-0.339321997883793
0.609586360403505
2.01722387716997
-0.468505291287599
0.193349193509829
-0.122308782258561
-0.318326201257804
-0.121764368815887
2.76271565963474
0.536919661302729
0.106644828067938
-0.450169376130504
0.994722560989899
0.52202447546531
0.427383850179009
0.192114516161982
-1.15355747033292
1.47919375852335
2.11699609941453
-0.873610054675345
1.52570914352139
0.628141537402756
0.46029523377545
-0.961999594708845
-1.14669867764523
0.869029273259379
-1.12893530832785
-2.75978783036669
-0.180094628660304
-1.06100667566097
0.418065326370197
0.275535937543847
2.52956004092047
-1.25656560959951
-1.40104486178022
-1.09920742996764
-0.281950189737447
-1.25673737305125
-0.183783025441085
-0.497194599991648
-0.4033862838118
0.202556083934995
0.478421912465462
-0.0682348642836215
1.08057948947961
1.25633473616027
-0.83239993333818
1.42624768252965
0.0128569972396302
0.91745175429009
1.64452884783378
0.9955930650106
0.226869162512246
-0.369722265139601
-1.98477266171788
-1.79197024102425
-0.526520790589736
-0.729756281943373
-1.79063396000598
-1.51919801763726
-0.219142995604152
0.298342396147856
0.787246661459419
2.74143973343997
0.148484348463798
-0.428133606219568
0.0951130054350042
-0.611420711000676
0.115519822998742
-0.671262600014298
-0.0391508364653714
0.321852244804191
-1.46518225485572
-0.836167996132353
-1.3454013421981
-2.06655921980344
0.685740842202366
0.389363704470896
-1.19290359529548
-0.304891502938382
1.02359141976602
1.25511220900358
0.243075161343722
-0.569763649733841
1.18210760341838
-1.315730521655
-1.14629723401227
-1.00614160266368
-1.63289974244768
-1.57567568271804
0.108236203102922
-0.225333335475351
-1.61600236348839
-0.249547330891022
0.209673599233249
1.32578616522146
1.82109350708327
0.183878857898611
-0.736820178573983
0.495803385738024
0.229367663863417
0.428766089319957
0.71630917536227
-0.54112687284737
1.63824596003383
0.633007544808941
0.710588308464908
2.24931030230726
-0.197824297885656
-0.640313732790951
0.271187039294872
0.179059665822772
-1.70876965650925
-0.708365699857956
-0.849095285727167
0.129933212906845
-0.977848287790468
0.240525837883763
-0.8126676176181
0.523844160472836
-0.900677287033387
-0.646698927995588
0.578841332391287
0.606564928409501
-1.36171824982236
1.13557369853039
-1.05178096947484
1.03678068829769
0.327019401160907
-1.75488806096929
1.12853066153654
0.155337615547458
2.06604583552642
-0.29835102042023
-1.00764621089383
0.383911042715678
-0.0961376237935511
-0.334873567775766
-1.03000480591196
1.24055932353234
0.833151238211652
0.697602064894206
-0.125907272135423
-0.257182223928118
-0.998139931489353
0.928168201880985
2.42060090336963
-1.2883989688177
-0.825668743889157
-0.209126983814761
-0.555712053609649
-1.64069429913287
-0.745412074179586
0.222140047010463
0.467813026774082
-0.201395141260432
-0.789808388056147
-0.699900583774956
-0.0173094398209316
1.93984700937341
-0.149862084907416
1.64581870129842
-0.931804335649536
-1.01169299233011
-1.53293246811246
-0.33128216288362
-0.763114741854716
-0.411371078319315
0.807903096889564
1.04731075109416
-0.640723201536084
0.0947600018536148
0.83933403248036
-0.788713784894365
-0.97362063289818
0.317432619068418
-0.0202076692216093
0.88832834184234
0.011453575266528
1.4397597969444
-0.418802915200636
0.527634626637445
2.27271885223588
-2.48314539366734
-0.641641619656382
-0.929496019593193
-0.767076271021729
-0.765622033258122
-1.81399115520467
-0.421387281056909
-1.54782534958713
-0.222814701263963
0.496200022955229
-0.299619874592941
-0.786877475909134
0.207203611127255
0.228950978428207
-0.24353534976281
-0.442397718899672
0.0924655721298446
-0.32289859995093
-0.160335596910683
-1.70149143394165
0.586468905771514
-0.271915793294493
-1.92352407746649
0.0741947972471021
-0.0578534215215573
0.954324334527229
-1.64757471552594
-0.60451987316452
1.26766888027729
-0.692850149189708
0.930150260069676
-0.374626715221569
0.291627035615421
0.890857645756442
-0.838055739656811
-0.590520181185007
-0.467494760046646
0.227519638834804
-1.0824641712834
-1.04693549484975
-0.221436034064314
-0.0338476523917222
1.73533679130961
-0.426964328269636
0.660309992910747
-1.36986301552732
-0.534910679069386
0.00719750942887248
0.0050161686146373
-1.07509584122453
0.282704019473399
-1.05119937501091
0.356353325279157
0.165804141827609
0.192112599785838
-1.08218035259088
0.878198222331507
0.717547075389531
0.232594907278498
0.360997271231437
0.326422448319347
-0.798858701464461
0.912047090241528
-1.13017300647691
-2.37953595355399
1.90291582524495
-0.406538117463611
1.42984703518814
1.44120294904602
-0.345310221901574
-1.02703667017344
0.800368768677405
1.24347171240983
0.566295616390892
0.879568460483798
-1.89361268562966
-0.277718009924299
-0.448042389242931
-0.303172160407498
0.0395375832439178
-0.505258148691964
-1.21456487295069
-0.490742209945145
-0.120303089660505
1.37790253808796
0.835730474128854
0.256994932116188
1.66266261430252
-1.01082364658633
0.63910747015729
-0.0835977649344962
1.74539866245875
1.36717555748832
0.673188889665705
0.173229545602267
0.286716522836788
0.234668456935285
0.545249804388989
-0.438608958585947
-0.11094293921422
-0.78437224463629
1.22185055747975
-0.877977763895248
0.63287264477853
-0.590558038176255
-0.674583939006909
-0.960180409323875
2.15231971388373
0.774912538690365
1.57759787140916
-1.54493621597446
0.595823485306663
-1.91085083964213
-0.637357462122406
1.52380461292314
0.0675392295764307
0.264652001526076
-0.267456488243508
0.437720704996954
2.63524101909605
0.0522080290912781
-0.364749976979483
-0.815995932128685
-0.886461170790812
0.154010798861922
1.04049839365298
1.03839733885023
0.864564131140904
-2.04440730541867
0.0905237000854226
-1.05823298316182
-0.144675583304452
0.217305966652059
0.697297507785003
-0.462371429309945
0.734542603091294
-1.3489790146857
1.42332286026114
-0.0905288720357539
0.486252756555434
-1.31673260643564
1.30485713383781
0.137390922080612
-1.14584630899974
-1.1908108909798
0.658275161604393
1.66138316172843
-0.66991285925366
0.0938533787502955
-0.202066245103703
-0.846283214970402
-1.07957255162782
0.0192553240813641
-0.780048768623442
0.0629847709579986
1.47711195173606
-0.0258355150544189
-0.377187277809169
0.70273213643113
-0.182488483117921
1.13709753130344
0.270597314817679
-0.164405002612912
-0.0962993493604174
0.607988377693427
0.369341848348966
0.964362700784813
0.405216683435175
0.0813549028602745
0.907495218949163
0.792708207472071
0.339571083373749
-1.07988578867888
-0.125212178189765
0.753937000173446
-1.66397516519263
-1.58854048238389
2.45478162658949
0.774789506734834
-0.738242390888606
-2.73172840387659
0.781858848526758
1.12419859178074
0.672072282263423
0.179408572957317
0.43417282017108
0.664138864999658
0.729486961382394
1.81185316192967
-2.2390819680173
0.153778867375062
-1.35022469530416
0.0607431927594563
0.62913781489477
-0.320048736713796
0.443180483929906
-0.548478664354991
-1.07134908305634
0.984065992985626
-1.60156037314877
-0.618881918942289
0.602584034035741
1.78252685596895
0.0366230285316154
0.342892487061933
0.168984068090886
-0.312727632898526
-0.183690387712447
0.798438811244082
-2.38616221807822
1.56647424051543
-0.978708269387593
-0.747819606667528
1.14043867594165
-1.14456539539865
-0.0912505853381954
0.588771750819648
0.0876721959517655
-1.33848795810764
0.340747650949034
-0.396275330639747
1.44701733795941
-0.827463999328928
-0.00858148071714215
1.37209415202039
2.01314636806603
0.588428989356916
-0.0423040220522084
-0.531765061522452
0.25361120760912
-0.0567240705188785
-0.982752665270638
1.59054421368781
0.173342199078029
-0.198978900249868
0.66280565938244
-0.36183045976705
1.33886337512537
1.82355527777264
1.31747872274361
-0.0970407054716858
0.367362353289161
-1.27284290441341
0.706699287779816
-0.412790183687377
-1.12382501326563
0.347173673466929
-0.248646166291252
-0.908506490903093
0.82221392652753
-0.604328178617042
0.0757748611984425
0.0394513389354457
-0.325726029388843
0.281828432201361
0.370363621688741
0.375292712195591
-1.09808429906053
0.115950005173961
0.227773565318792
-0.119619728021984
-0.312054613485344
-0.0681285561737781
1.3801345358422
-0.387564558892615
-0.445697676886958
0.600443833662666
-0.315674960227292
0.978893832267559
-0.187474852075412
-0.100965797015129
-0.871954537070937
1.17298770267315
0.160747551892285
-0.224490688016927
-0.621194168653968
0.612678231339409
0.315682235884626
-1.29021354968044
0.594453972278892
-0.762086042522821
-0.559364611074906
-1.23860838704198
-2.82292150466813
-0.376650363517327
0.258851030858055
0.99682613298686
0.0258253324949811
-0.877456751715769
-0.717078433425651
2.01793396462087
0.455171475412375
-1.40939922079634
-0.881476731155552
-0.587234241240285
0.265379078729354
1.57171619734699
0.367329701668852
0.670025208533432
0.766251968537159
0.936735824344217
-0.767200917431502
1.40718408424208
-0.157238066106153
0.946591118228306
-0.267811221194254
0.100928934145918
-0.534868615531528
0.242958382318065
1.00006297669228
-0.805602672546178
-1.8571734014814
0.912999901490962
-0.255036607675178
-0.77352053142804
0.69774406209172
2.30399351942211
0.072512219054063
0.610878494747535
-0.162279727027707
0.00792233357638414
-3.65668981916243
-1.35131350087689
-0.719098464453153
1.56664353495111
-0.0425897667006167
0.0902626288052281
1.98021120248625
-2.01623850075361
-1.06444956319575
-0.690387127201986
0.261641402873915
-2.07302992128691
0.687654300377168
-0.194294420220458
0.0513562340078377
0.00383072665609902
-0.0624228431487199
-1.48223484134293
1.63742509887558
-0.0968326248463027
-0.728727972296905
-0.0777604416753661
-1.4902268583751
0.732988589104235
1.2482057114681
2.00830688521017
0.0781133570710539
1.27718524204491
-0.478944072620404
-0.628445943436718
-0.958121522569015
-0.774917639721366
0.249466806693326
0.420750147819939
-1.16459256702689
-0.329119799992316
0.841374215299698
-0.319218654592125
0.375318976519679
-1.31919035833936
-0.223270153380603
-0.0499704750121714
-0.375408587955125
1.34270492133348
-0.724196387905365
-1.89185219777442
2.99613977199155
1.84413919597197
0.173145979951937
-0.248428998066827
-1.19917136670391
0.283666173228844
-0.698321301549729
-0.551926500356627
0.29182241468838
-1.64292340265534
-1.35881784084407
-1.20676151898276
-0.379686450338428
-0.52800454069575
-0.330044696338362
1.34204372218206
-0.280514972234134
-1.58493272926034
1.52404793699491
0.292814395581573
-1.228595675774
-1.60035491717455
0.88518978481096
-0.227819209986626
1.48574595639212
-0.785539956600745
-0.321636041953606
-0.198831659969887
-0.0152763836627268
0.506549930962307
-0.13763659148274
0.746260947572826
0.258653998558518
0.423542520018407
0.0341866357316736
-0.584720654721297
0.197826310473219
0.744353316092517
-0.29034179522736
0.183893455682471
-1.68192900700912
-0.0708391793571506
0.453280485550587
-0.328297010358593
-0.823829166656695
1.82788517528471
-1.45338500107061
-1.0967847069992
-1.08241877349896
-0.712249117464902
-0.306682477455773
0.0587353792318222
-2.20111609127002
1.22649576823401
-1.53403591024978
-1.25192583944793
-1.44283270138553
0.308864340101664
-0.307928294014578
0.264751478788313
-0.688681945975184
0.0410366343059164
-0.840162356326312
0.75127122049235
-1.09760459007421
1.46550008084957
-0.260304205445392
2.20019340034104
-0.727855760519872
-0.795413511626365
-0.505399833700489
0.293322676967782
-0.420069851557857
-0.195256817861171
0.839183308007224
-0.803843847833696
1.70037248813161
1.41252761575449
1.21957792319627
0.938147181853671
-0.96958343646458
2.76895185132262
-0.00907176043631728
1.54707915880557
1.38273042642614
-0.584506141296885
1.71875080410301
-0.511798016636498
-0.693403647344847
0.587338811247695
-0.57124630122992
0.4208556617904
0.336355310143154
-0.339500394441523
1.5564418167402
-1.07643806019934
1.00590323145976
-0.202935861978254
-1.45542888187325
0.444231452107252
-1.22050166531937
-0.00810229715716555
-1.86773098936344
-0.335320879982981
0.311909040583618
1.53825215738425
0.528682974400343
-0.22645426244951
-1.21087481721571
0.301936853755105
-2.26552893220352
-0.541062271657629
-2.27243716606688
1.20313374839827
0.664786206102045
-1.00006414420425
0.134385876771932
-1.90862555289281
-0.970479602600806
-1.33507938401633
0.277342286782779
1.33944776863683
0.509830141615144
-0.465910885863109
-0.0816994867739091
-0.21927973152549
-1.12057292286843
-0.578990653698285
-1.12043670689748
0.226414402180606
1.78149932898934
2.15504978729493
-0.980353329427481
-1.77327827646369
0.3142685046074
-0.84831463146224
1.1374296041023
-1.24426051106077
-0.846423294811253
0.456321473104519
-1.70718808436603
0.331894623451344
-1.87766884310234
0.344802723937489
-0.0198025733447079
1.87423576550396
-0.850791445010856
-0.370793218400947
-0.606275510402583
1.75270233757419
-0.521572991210177
-0.031957092040802
-1.90762140768284
0.392104630520573
1.17222049304438
-0.867275760966926
-0.142794481796155
-0.524911402075112
-0.823866306772309
-0.110706082889924
0.0546503331673245
-1.25198020659437
-0.596741788191636
-1.03447367925045
-0.105151275204568
0.20219680335841
-0.603205455367835
0.468247850503726
2.06265495227831
0.297397949071933
-0.835832396361504
-1.34252037024104
1.39916294810303
1.09150331769264
1.39512137858802
1.8261639860491
0.793217194443894
2.10720942297515
0.221312572409648
-0.373723840790477
-0.0304638970158365
0.787138709595771
-0.0287888668474663
1.02633802433172
1.18899357040029
-2.16539957213278
-0.37108195035665
-0.362775621513389
-0.482331290789619
1.14109711855546
0.396438266349619
0.365446393275456
0.311229963938506
0.302559159789139
2.68910931600961
-1.12197941809552
0.663980001983508
0.617031184871372
0.347511958688714
0.927584979207863
-1.11449933246115
-0.294346207163702
-0.41486591778403
-0.469266088289607
-0.723527133290358
-0.563227314145508
-0.0841719685848456
0.188782970847056
-0.293273693353319
-0.165255484177089
0.941976122826431
0.807808255820083
-0.75893050966021
-0.0229748064860928
-0.0822753614187318
-0.312221470930893
1.30435189091949
0.690925310149802
0.866660655153075
-0.190478848375141
1.01140457404238
0.295604923233933
0.756492392708889
-1.29748886442963
1.93653941591601
1.17684663299318
0.298735771849086
-0.458528374010546
0.388612991674241
-0.217926483974909
0.917026935833754
0.447391426411344
0.699873597056616
-0.833100429512605
0.538865030797185
0.482069387529985
0.360661612946354
-1.0434222547111
1.46755456620771
0.625723428692544
-0.601109079392551
-2.01480434345602
-0.308601337638253
-1.72109674190179
1.77012672945743
-1.0342221845338
-0.826514323861341
-0.602101978392802
0.170522572237566
-1.17721528066715
0.948637509965008
-2.14735007792524
0.685048358903432
-0.398674345171691
-0.390174599609729
-0.463805896675228
1.27154883818747
-0.122738479365189
-1.7198594116141
0.818060948854204
0.0926484859514592
0.289992482984722
-1.0230275307737
0.184000918098936
-0.662866726830321
-0.627844612426938
-0.704751787416058
-0.551785182425965
0.41392893336981
-1.77179204536067
-0.890764069038216
-0.450110384703096
0.48965272665844
0.805527062675315
1.26542429104823
0.00319145902451345
-0.478676365907972
-0.233568426071568
-1.59243746243077
-0.407241263607012
-0.236511454877828
0.148942309092701
1.54813765721663
-0.704344290264418
0.478867722614452
0.00085234665043664
0.603367023460263
0.144947293800995
-0.0455323913339389
-0.535682072689448
-0.0294573519952243
1.1961322043268
-0.247234085493357
1.94082943449584
-0.0312722318974104
-0.332020564319757
0.751333980482111
1.73918027569493
0.569112788902285
0.470648597101405
0.82402149951556
-1.13277670909436
-1.1596476338332
2.79400199357065
0.114606087607401
-2.81995821320327
0.480803400944778
0.29013227798717
0.948403003071354
-0.724989814418253
-1.21720768829283
-0.805560926569163
-0.407729365840415
-0.328211253628373
0.888761788170205
-1.17379141121888
-0.159355120558069
0.558497129533199
0.540903965223679
1.02831013592128
1.14778595557458
0.0932766841705612
-0.834516611049885
-0.995584754692247
0.301412821759303
-1.46807006414495
0.219311268241242
-0.0345170853798584
-0.504769892466554
-1.40731448083019
0.197728616564411
-0.614611154960388
-1.31287298741826
0.535431011491013
0.6848238853187
0.940226068906458
-0.182555340791621
0.886316959230972
-0.353860569544422
-0.525375045679327
0.491564160196018
0.815562517644743
-1.16710964465739
-0.458848566411184
1.59369896662591
2.00134907279269
0.269058703082746
-0.0265160407951383
0.137432394679838
-0.699018894432939
0.754677255683224
-1.1445594446078
-1.52972478977471
-0.780260268786414
0.507381707242285
0.542455560159414
-0.776738129764393
-1.44310965094001
0.4826988739019
-0.7831104197234
0.335781355228427
-1.00209933201304
0.553685252649637
0.893696896913544
2.09436421164489
-0.188747876417834
-0.235653680420257
-2.23683942259984
-1.12124814103975
0.552926661058832
-0.757091396502165
1.9644707114958
-0.705274234681631
-1.61633245916553
0.195822216105799
1.28099874960712
-1.20024476102997
-0.354440975479458
-1.16896789954936
-0.0457867450473
-0.721121303042126
0.0623769135491256
0.71291976435144
0.7208091782413
1.38365178268242
0.472443043564585
0.401048700309294
1.40956587155327
-0.124557118385506
-0.782389826528556
-1.04762097225341
-0.447407062408452
0.371757684468606
-0.18343007660442
-0.131006502771869
-0.516476693105991
-0.945299781401348
1.87291852875512
-0.475278719865867
-1.21381615304911
0.287898927963745
-0.0479847533509447
-1.71603901756427
-1.48625963549445
-0.0784126065273935
1.01381292725955
-0.163716730590371
0.440306313138953
-1.0574368779682
0.476389859924651
-0.679693391713195
-1.75706865401415
0.481252389252324
2.48276697600016
0.366782560090031
-0.732315373618791
0.453298612613287
-0.0128091703264974
1.22272826401067
1.01514869240585
-0.368476535559095
0.628736132339491
1.04362266976848
2.64319545018326
0.0857177594027952
1.09903837073002
0.134836322233333
-0.1589882555466
-0.0331308314298704
-0.874785346835515
-0.0738063962463214
0.328804557021038
0.459794439620775
0.22386801050566
-0.111151199478014
0.421736888515399
-0.427978124395168
-0.541281027135736
0.697529373126146
1.14548189633712
0.208563304477632
-0.216367531463468
-0.0661638260152431
-0.246187043636413
-0.0248713249906238
0.0619530555055265
-0.582094780663912
-0.160329553304803
0.0736128200706405
0.119799770415077
0.183862584619099
0.769423564263166
-0.95754565466663
2.09363369919507
0.113668257664061
0.649472605027037
-0.336720480389592
0.173798901828814
-0.525176648449403
0.0547632224727064
-0.615605303261049
0.399328890830602
-1.58759906919301
1.43938845364109
-0.352872856786339
-1.93989922223392
-0.0594433547861887
2.32012207664936
-0.690643184138666
-0.486483710553665
-0.406313951345567
-0.145310423919266
-0.238709022403618
0.39965361172158
-0.185884855440614
0.0282236587094577
