-0.230908551376986
-2.03828204047079
-0.654937835629235
-1.93444558971891
0.779141188121532
1.0577397348306
-1.10942736095005
0.570860181861291
0.282795211760909
-0.22280291282564
0.35153792074196
0.804602115221144
-0.351921459150597
-0.710561248795465
-0.206180063152297
-0.108710297882373
-0.249163389558547
0.435175306740945
-0.821942455996845
0.604401322362546
0.444403447095058
-1.53563825107833
-1.06802939228198
0.641704471764203
-1.93444558971891
0.779141188121532
1.0577397348306
-1.10942736095005
0.570860181861291
0.282795211760909
-0.22280291282564
0.35153792074196
0.804602115221144
-0.351921459150597
-0.710561248795465
-0.206180063152297
-0.108710297882373
-0.249163389558547
0.435175306740945
-0.821942455996845
0.604401322362546
0.444403447095058
-1.53563825107833
-1.06802939228198
0.641704471764203
0.770081259798015
1.0947514717882
0.0144977973886631
-0.0896109628156015
-1.12952622836438
-0.568413872371134
-0.397361663403386
0.0805255476050906
0.178704848991132
-1.27730578255568
-0.848434649955237
0.224765823062625
