2.14546195497963 -0.0354723395770388
0.1676731570349 -2.1554618060929
-1.7967432150934 1.65880602962193
-1.34646357256339 0.298383058414338
-1.50478819662575 2.12219300191899
-1.64790795141623 0.491638977101709
-2.59124662686217 0.862705665743391
2.91299671931845 -0.769437690622539
3.51146412790524 -2.05719942886094
2.75575287211978 -1.58657846997243
-1.03934912681654 1.20564448124191
1.35877791960552 0.480082315192274
-0.836985161953981 -1.38556407940819
-0.486931721973078 -1.82751374580464
0.157714182407836 0.770223720931746
0.0195300321215401 -1.45747197820806
-0.648576655656551 -1.26487687625325
2.0643876099982 -1.74677061838246
0.0631925171331002 -0.80095963247221
-1.25916303594532 2.84190545413812
-2.4351070566524 -0.082164618761069
-0.93421484264466 1.26055403105173
-1.46729308804899 1.72641949775941
-0.0916349686436849 0.21402837654314
-1.34646357256339 0.298383058414338
-1.50478819662575 2.12219300191899
-1.64790795141623 0.491638977101709
-2.59124662686217 0.862705665743391
2.91299671931845 -0.769437690622539
3.51146412790524 -2.05719942886094
2.75575287211978 -1.58657846997243
-1.03934912681654 1.20564448124191
1.35877791960552 0.480082315192274
-0.836985161953981 -1.38556407940819
-0.486931721973078 -1.82751374580464
0.157714182407836 0.770223720931746
0.0195300321215401 -1.45747197820806
-0.648576655656551 -1.26487687625325
2.0643876099982 -1.74677061838246
0.0631925171331002 -0.80095963247221
-1.25916303594532 2.84190545413812
-2.4351070566524 -0.082164618761069
-0.93421484264466 1.26055403105173
-1.46729308804899 1.72641949775941
-0.0916349686436849 0.21402837654314
-0.387803088160138 1.49178176823134
0.143984735907117 1.46904950340531
0.531358394254776 -0.763089051718447
-0.532558117075883 1.32710483118504
-1.06293426521668 1.41977422704176
1.83215070072142 -1.20687483574841
0.480437377884091 -0.999062516475282
1.10870431898846 0.79786782452225
4.18522113298145 -1.97101890491833
-0.211061034586178 -0.107078414185129
-0.43525011615444 0.438263090605843
0.646263481181126 2.67792153016345
