-0.439183588662102
-0.356995593451399
-0.375050217637272
-0.343872589123025
-0.358862270741187
-0.341946133028634
-0.412310820972721
-0.143221474001537
-0.169586288907018
-0.377748387238537
-0.438919631039692
-0.382147746230874
-0.418475056374922
-0.438919631039692
-0.425746031809847
-0.364908719152866
-0.401085449014225
-0.412550083433859
-0.438919631039692
-0.069880778791471
-0.166032795090016
0.247449590443369
-0.314874111506549
-0.375065769471839
-0.350756895926197
-0.150685992109288
-0.422392837641712
-0.335896953885454
-0.084374852750724
-0.336483960002719
0.247449590443369
-0.316268541360658
-0.142788350993014
-0.143798141525784
-0.317668060951809
-0.131263272233549
-0.332804391976175
-0.342210130976298
-0.334896471376974
-0.255636764079798
-0.304291336554131
