-0.177888296992147
-0.180712234311225
-0.227550052497714
-0.204198618867811
-0.0994149333118699
-0.107379659239782
0.0783826212883662
-0.219096636529134
-0.147392034610942
-0.215197211175785
-0.151102142580183
-0.234947768717479
-0.190971595356921
0.0845648437669791
-0.214054338027165
-0.32193341914486
-0.368564796657138
-0.335381086458449
-0.170498538836187
-0.310527591737681
-0.332204915832243
-0.381226643270458
0.0762834422401483
-0.390421000185542
-0.331342021976756
-0.332909426868485
-0.325408834685087
-0.325070359709017
-0.317849364993272
-0.375095473185773
-0.239186931064568
-0.2525453461079
-0.334684001039955
-0.386265595195825
-0.237090482403245
-0.384241968559672
-0.386265595195825
-0.369290790758266
-0.231209275072792
-0.378763305625176
-0.392118317033559
-0.386265595195825
-0.165220941723515
-0.246799044238442
0.00735652332919713
-0.294136553917095
-0.333836272826298
-0.204501535358285
-0.231337808108539
-0.361140718969766
-0.204917897257332
-0.168904537438372
-0.296634773972764
0.00735652332919713
-0.211019512481338
-0.212781298762248
-0.214128920193722
-0.208744901553589
-0.208602243471273
-0.207542331357722
-0.210942314568182
-0.210370763033554
-0.123733922358742
