-0.0257909082981411
-0.0596027185735087
-0.112706643949338
-0.0312105978171393
-0.0854625208023792
-0.105649808764984
-0.0206964080264375
0.104124746508207
-0.0212129382414999
-0.0185650974206642
-0.0185650974206642
0.109337548986095
-0.124918298892428
-0.120625449166415
-0.0541424778199408
-0.120625449166415
-0.108843864325273
-0.0928051845953394
-0.0524994429264123
-0.0524994429264123
-0.116886799890598
-0.0848436152913989
-0.0712203157364272
0.0612247848824062
-0.116025857641806
-0.12038794449216
-0.0787927354883845
-0.0712203157364272
-0.0719056186167346
-0.117568271479827
-0.0671077411326246
-0.116886799890598
-0.116025857641806
-0.0653591715520228
-0.116025857641806
-0.116025857641806
-0.116025857641806
-0.116025857641806
-0.234732007690517
0.113270152074699
-0.373495700607821
-0.341272843531918
-0.33841204127706
-0.344380964908357
-0.222156819675434
-0.195407608556452
-0.345114929690196
-0.343681759588074
-0.374269784894874
-0.374261630556883
-0.376422673782361
-0.344380964908357
-0.375368593817311
-0.347639746600974
-0.380131955301683
-0.204461825940257
-0.3724086412425
-0.380131955301683
-0.347639746600974
-0.364576647628477
-0.380168627964006
-0.374269784894874
-0.234732007690517
-0.338779601779849
-0.376225890279445
-0.376225890279445
-0.376225890279445
-0.351115737133022
-0.376225890279445
-0.372557040565388
0.100340975807786
-0.382029720226316
-0.353897394392056
-0.356725528153875
-0.356725528153875
-0.3493392243746
-0.376225890279445
-0.375530247010583
-0.376613613919532
-0.186052709098196
-0.344122673914938
-0.376225890279445
-0.356725528153875
-0.376225890279445
-0.38119380192704
0.082831801506474
0.082831801506474
-0.376225890279445
0.082831801506474
-0.381429663335147
-0.357194272660592
-0.354668863982596
-0.371313453034057
-0.378913622931205
-0.381296750568428
-0.375666850714499
