CHR	POS	MarkerID	Allele1	Allele2	AC_Allele2	AF_Allele2	MissingRate	BETA	SE	Tstat	var	p.value	N
5	85816543	rs78956323	A	G	937	0.0937	0	-0.0220411	0.0340346	-19.028	863.295	5.172371E-01	5000
5	85827975	rs34361574	T	G	2456	0.2456	0	-0.0205349	0.0233293	-37.7304	1837.38	3.787390E-01	5000
5	85830432	rs1911944	C	T	3325	0.3325	0	-0.0152415	0.0211497	-34.0737	2235.59	4.711264E-01	5000
5	85830796	rs11749261	T	C	3325	0.3325	0	-0.0152415	0.0211497	-34.0737	2235.59	4.711264E-01	5000
5	85833857	rs4352632	G	A	3324	0.3324	0	-0.015136	0.0211481	-33.8428	2235.92	4.741691E-01	5000
5	85838601	rs112934562	C	T	524	0.0524	0	0.0719214	0.0444107	36.4655	507.02	1.053482E-01	5000
5	85839447	rs6452715	A	G	3324	0.3324	0	-0.015136	0.0211481	-33.8428	2235.92	4.741691E-01	5000
5	85839578	rs6452716	G	A	3324	0.3324	0	-0.015136	0.0211481	-33.8428	2235.92	4.741691E-01	5000
5	85886353	rs62376304	C	T	1714	0.1714	0	-0.0339926	0.0266476	-47.8704	1408.26	2.020854E-01	5000
5	85899092	rs62376306	G	A	1720	0.172	0	-0.036476	0.0266299	-51.4362	1410.14	1.707678E-01	5000
5	85910124	rs17476297	A	G	1721	0.1721	0	-0.0351667	0.0266269	-49.6008	1410.45	1.865954E-01	5000
5	85949557	rs4920669	G	A	631	0.0631	0	0.0248607	0.0411941	14.6502	589.292	5.461752E-01	5000
5	85966342	rs2898540	C	T	651	0.0651	0	-0.0149923	0.0404835	-9.1477	610.161	7.111363E-01	5000
5	85975900	rs79128709	G	A	645	0.0645	0	-0.0215009	0.0406989	-12.9805	603.717	5.972966E-01	5000
5	85976245	rs6885407	G	A	953	0.0953	0	-0.011409	0.033648	-10.0769	883.244	7.345576E-01	5000
5	85986822	rs10491416	C	T	1138	0.1138	0	0.0384873	0.0310556	39.9058	1036.86	2.152340E-01	5000
5	85994747	rs17477971	G	A	3675	0.3675	0	-0.0016595	0.0204655	-3.96216	2387.57	9.353723E-01	5000
5	86002702	rs16902342	A	G	645	0.0645	0	-0.0192187	0.0406989	-11.6027	603.717	6.367727E-01	5000
5	86003088	rs254740	T	C	2797	0.2797	0	0.0401726	0.0220966	82.2773	2048.09	6.905701E-02	5000
5	86003548	rs1374024	G	A	3608	0.3608	0	0.0034282	0.0206453	8.04313	2346.17	8.681154E-01	5000
5	86008808	rs254744	T	C	2779	0.2779	0	0.0408001	0.0221178	83.4024	2044.17	6.508479E-02	5000
5	86012253	rs254741	A	C	2918	0.2918	0	0.0354435	0.021766	74.8135	2110.78	1.034423E-01	5000
5	86015174	rs62374176	G	A	2416	0.2416	0	-0.0152281	0.0233996	-27.8119	1826.35	5.151849E-01	5000
5	86487388	rs17446600	G	T	1400	0.14	0	-0.101681	0.0288453	-122.204	1201.85	4.234417E-04	5000
5	86500273	rs13174379	A	G	2472	0.2472	0	-0.0804395	0.0233405	-147.655	1835.61	5.682174E-04	5000
5	86502656	rs62368896	G	T	1886	0.1886	0	-0.11102	0.0256968	-168.129	1514.41	1.557601E-05	5000
5	86503644	rs74665360	T	G	2454	0.2454	0	-0.0844408	0.0233422	-154.978	1835.34	2.974414E-04	5000
5	86508346	rs6869531	C	T	2021	0.2021	0	-0.115721	0.0249695	-185.606	1603.91	3.578078E-06	5000
5	86518243	rs11953892	A	G	2613	0.2613	0	-0.0819111	0.0228265	-157.204	1919.2	3.326959E-04	5000
5	86522570	rs55762997	G	A	1769	0.1769	0	0.085708	0.0263437	123.5	1440.94	1.140115E-03	5000
5	86539266	rs16902601	G	A	2368	0.2368	0	-0.0900141	0.0236077	-161.511	1794.28	1.373412E-04	5000
5	86540308	rs10942498	A	C	2300	0.23	0	-0.120009	0.0237976	-211.909	1765.77	4.584964E-07	5000
5	86541971	rs3797761	T	C	2396	0.2396	0	-0.0946948	0.0235467	-170.792	1803.6	5.780877E-05	5000
5	86543312	rs6878991	T	C	1434	0.1434	0	-0.158464	0.0283459	-197.219	1244.57	2.265902E-08	5000
5	86543622	rs62368900	G	A	1292	0.1292	0	-0.166778	0.0297482	-188.46	1130	2.066629E-08	5000
5	86545415	rs62368901	A	G	1036	0.1036	0	-0.175388	0.0328759	-162.273	925.222	9.562465E-08	5000
5	86548999	rs11948323	G	A	1755	0.1755	0	0.0929322	0.0263449	133.898	1440.81	4.194742E-04	5000
5	86554030	rs72781788	T	G	1893	0.1893	0	-0.151781	0.0257845	-228.297	1504.12	3.943813E-09	5000
5	86558707	rs7722818	A	G	4420	0.442	0	-0.168013	0.0203178	-406.997	2422.41	1.347720E-16	5000
5	86560187	rs6874962	T	G	4305	0.4305	0	-0.17394	0.0203191	-421.298	2422.08	1.124653E-17	5000
5	86572124	rs7713115	T	G	4151	0.4151	0	-0.188241	0.0204785	-448.866	2384.53	3.852315E-20	5000
5	86577352	rs7719891	A	G	2467	0.2467	0	-0.0990148	0.0231898	-184.122	1859.54	1.956847E-05	5000
5	86584820	rs388340	A	G	4350	0.435	0	-0.170828	0.0203229	-413.607	2421.19	4.253574E-17	5000
5	86585704	rs398463	A	G	4122	0.4122	0	-0.18736	0.0204915	-446.201	2381.52	6.056569E-20	5000
5	86585874	rs1567348	G	A	4003	0.4003	0	-0.19446	0.0205677	-459.682	2363.89	3.242214E-21	5000
5	86586566	rs56343304	C	T	1814	0.1814	0	0.0912776	0.0260493	134.515	1473.69	4.582798E-04	5000
5	86592050	rs11745383	G	A	3848	0.3848	0	-0.203793	0.0207512	-473.265	2322.28	9.161051E-23	5000
5	86593353	rs10054562	A	G	4225	0.4225	0	-0.179631	0.0204526	-429.419	2390.57	1.595169E-18	5000
5	86597231	rs6893772	G	A	3965	0.3965	0	-0.196937	0.0206881	-460.134	2336.45	1.743156E-21	5000
5	86599292	rs12659717	T	C	4374	0.4374	0	-0.172455	0.0203224	-417.567	2421.31	2.139714E-17	5000
5	86603825	rs13362486	C	A	3994	0.3994	0	-0.196823	0.0206756	-460.427	2339.29	1.738629E-21	5000
5	86604156	rs62368944	T	C	4222	0.4222	0	-0.179605	0.0204609	-429.011	2388.64	1.664832E-18	5000
5	86607633	rs10058449	G	A	4067	0.4067	0	-0.184199	0.0204782	-439.24	2384.6	2.365463E-19	5000
5	86610989	rs35148638	A	C	2350	0.235	0	-0.111265	0.0235881	-199.973	1797.27	2.393689E-06	5000
5	86627754	rs3804239	G	A	1825	0.1825	0	-0.157422	0.0259702	-233.407	1482.68	1.347366E-09	5000
5	86628891	rs2271235	G	A	3968	0.3968	0	-0.196923	0.0206782	-460.543	2338.69	1.679155E-21	5000
5	86629897	rs9293487	G	A	3848	0.3848	0	-0.203793	0.0207512	-473.265	2322.28	9.161051E-23	5000
5	86630284	rs66507804	T	C	2008	0.2008	0	-0.150043	0.0251467	-237.276	1581.38	2.420857E-09	5000
5	86635942	rs10942502	A	C	4036	0.4036	0	-0.195496	0.0205419	-463.293	2369.84	1.783653E-21	5000
5	86638676	rs62368949	G	A	3849	0.3849	0	-0.204663	0.0207536	-475.174	2321.74	6.108971E-23	5000
5	86639645	rs1896694	G	T	3849	0.3849	0	-0.204663	0.0207536	-475.174	2321.74	6.108971E-23	5000
5	86647138	rs10071944	C	T	1892	0.1892	0	-0.154114	0.0258038	-231.459	1501.87	2.336203E-09	5000
5	86652624	rs10045850	T	C	4059	0.4059	0	-0.193588	0.0205429	-458.727	2369.6	4.358762E-21	5000
5	86653508	rs1973017	C	T	3904	0.3904	0	-0.203502	0.0207192	-474.05	2329.46	9.060086E-23	5000
5	86654813	rs16902632	C	T	3845	0.3845	0	-0.204418	0.0207618	-474.228	2319.9	7.144256E-23	5000
5	86656090	rs62368950	C	T	1014	0.1014	0	-0.179963	0.0331089	-164.17	912.243	5.464397E-08	5000
5	86656964	rs4421140	T	C	2126	0.2126	0	-0.138541	0.0245602	-229.674	1657.81	1.692097E-08	5000
5	86663270	rs2923742	T	C	656	0.0656	0	-0.0259948	0.0398456	-16.3729	629.852	5.141512E-01	5000
5	86670970	rs10067098	T	C	4401	0.4401	0	-0.171586	0.0202905	-416.77	2428.93	2.755990E-17	5000
5	86677220	rs3827607	G	A	3961	0.3961	0	-0.197164	0.0206955	-460.338	2334.8	1.620213E-21	5000
5	86685558	rs72783711	A	C	2020	0.202	0	-0.150639	0.0251123	-238.871	1585.72	1.990009E-09	5000
5	86695274	rs2230641	A	G	2031	0.2031	0	-0.139438	0.0249238	-224.467	1609.8	2.211678E-08	5000
5	86697387	rs3093816	A	G	4064	0.4064	0	-0.196298	0.0205218	-466.105	2374.48	1.118547E-21	5000
5	86699541	rs3093809	A	G	1895	0.1895	0	-0.151949	0.0257804	-228.623	1504.6	3.770002E-09	5000
5	86710074	rs116454645	A	C	1037	0.1037	0	-0.16914	0.0328655	-156.591	925.807	2.655027E-07	5000
5	86714840	rs10065575	G	A	4183	0.4183	0	-0.18861	0.0204671	-450.25	2387.19	3.104147E-20	5000
5	86721304	rs2641385	A	C	667	0.0667	0	-0.0153796	0.0394687	-9.87277	641.94	6.967840E-01	5000
5	86727027	rs7702514	C	T	1774	0.1774	0	-0.148305	0.026294	-214.508	1446.4	1.697805E-08	5000
5	86734184	rs62368955	A	C	2046	0.2046	0	-0.134733	0.0248716	-217.805	1616.57	6.055340E-08	5000
5	86735368	rs62368956	G	A	2042	0.2042	0	-0.134305	0.024908	-216.478	1611.84	6.965920E-08	5000
5	86738344	rs4428447	A	G	1782	0.1782	0	-0.15116	0.0262008	-220.196	1456.71	7.959742E-09	5000
5	86749658	rs62367571	A	G	2044	0.2044	0	-0.136892	0.0248898	-220.972	1614.21	3.798984E-08	5000
5	86750847	rs7704035	C	T	1896	0.1896	0	-0.149631	0.0255086	-229.959	1536.84	4.466679E-09	5000
5	86767630	rs7728691	G	A	1881	0.1881	0	-0.147634	0.0255892	-225.463	1527.17	7.955206E-09	5000
5	86774931	rs4605823	T	G	1881	0.1881	0	-0.147634	0.0255892	-225.463	1527.17	7.955206E-09	5000
5	86779121	rs112755386	G	A	873	0.0873	0	-0.201209	0.0353009	-161.465	802.471	1.199223E-08	5000
5	86803812	rs34734977	C	T	1875	0.1875	0	-0.121909	0.0255515	-186.725	1531.68	1.832297E-06	5000
5	87405162	rs13357535	G	A	1749	0.1749	0	-0.0575918	0.0265839	-81.4934	1415.02	3.027951E-02	5000
5	87412600	rs12187018	G	A	563	0.0563	0	0.020994	0.0428929	11.411	543.536	6.245228E-01	5000
5	87415955	rs56270757	C	T	1132	0.1132	0	0.0654467	0.0314412	66.2049	1011.58	3.738263E-02	5000
5	87421345	rs10040137	G	A	1749	0.1749	0	-0.0575918	0.0265839	-81.4934	1415.02	3.027951E-02	5000
5	87423413	rs72770076	C	T	1038	0.1038	0	0.0717431	0.0326444	67.323	938.39	2.796920E-02	5000
5	87430302	rs17286052	A	G	1390	0.139	0	-0.0223315	0.0290199	-26.5171	1187.43	4.415822E-01	5000
5	87430946	rs10214259	G	A	1734	0.1734	0	-0.0536755	0.0266457	-75.6001	1408.47	4.396586E-02	5000
5	87432646	rs13180638	G	A	524	0.0524	0	-0.0304798	0.045882	-14.4786	475.024	5.064928E-01	5000
5	87434054	rs1816739	A	G	1733	0.1733	0	-0.0533413	0.0266486	-75.1131	1408.16	4.532163E-02	5000
5	87434708	rs10065580	A	C	1733	0.1733	0	-0.0533413	0.0266486	-75.1131	1408.16	4.532163E-02	5000
5	87435486	rs10514297	T	C	1733	0.1733	0	-0.0533413	0.0266486	-75.1131	1408.16	4.532163E-02	5000
5	87437764	rs71637297	C	T	529	0.0529	0	-0.0333416	0.0456926	-15.9696	478.97	4.655773E-01	5000
5	87457441	rs10061672	G	A	1233	0.1233	0	-0.000648358	0.0300856	-0.716306	1104.8	9.828065E-01	5000
5	87457822	rs2162713	C	T	1233	0.1233	0	-0.000648358	0.0300856	-0.716306	1104.8	9.828065E-01	5000
5	87457922	rs10067455	T	G	1234	0.1234	0	-0.000441058	0.0300787	-0.487504	1105.31	9.883007E-01	5000
5	87458278	rs919238	G	A	1233	0.1233	0	-0.000648358	0.0300856	-0.716306	1104.8	9.828065E-01	5000
5	87466943	rs4298283	T	C	1233	0.1233	0	-0.000648358	0.0300856	-0.716306	1104.8	9.828065E-01	5000
5	87470240	rs6452775	T	G	1050	0.105	0	-0.0293971	0.0324549	-27.909	949.378	3.650505E-01	5000
5	87472212	rs6452776	T	C	1234	0.1234	0	-0.000441058	0.0300787	-0.487504	1105.31	9.883007E-01	5000
5	87476940	rs10074260	C	T	1234	0.1234	0	-0.000441058	0.0300787	-0.487504	1105.31	9.883007E-01	5000
5	87479906	rs6452777	G	A	1233	0.1233	0	-0.000648358	0.0300856	-0.716306	1104.8	9.828065E-01	5000
5	87485064	rs1133152	G	A	1233	0.1233	0	-0.000648358	0.0300856	-0.716306	1104.8	9.828065E-01	5000
5	87485145	rs2162714	C	T	1234	0.1234	0	-0.000441058	0.0300787	-0.487504	1105.31	9.883007E-01	5000
5	87486787	rs115512170	A	C	554	0.0554	0	-0.127516	0.0434148	-67.6532	530.549	3.312477E-03	5000
5	87487318	rs357511	T	C	1233	0.1233	0	-0.000648358	0.0300856	-0.716306	1104.8	9.828065E-01	5000
5	87487967	rs357508	C	A	1150	0.115	0	0.0136366	0.031078	14.1189	1035.37	6.608161E-01	5000
5	87489270	rs357507	A	G	1234	0.1234	0	-0.000441058	0.0300787	-0.487504	1105.31	9.883007E-01	5000
5	87492891	rs358294	C	T	1234	0.1234	0	-0.000441058	0.0300787	-0.487504	1105.31	9.883007E-01	5000
5	87495504	rs358288	A	G	1236	0.1236	0	-0.000881048	0.0300649	-0.974719	1106.32	9.766215E-01	5000
5	87497612	rs28505226	T	C	1700	0.17	0	-0.0443792	0.0268045	-61.7679	1391.82	9.779087E-02	5000
5	87501223	rs357514	A	G	1234	0.1234	0	-0.000441058	0.0300787	-0.487504	1105.31	9.883007E-01	5000
5	87503631	rs357516	C	T	1233	0.1233	0	-0.000648358	0.0300856	-0.716306	1104.8	9.828065E-01	5000
5	87504483	rs357517	A	G	1233	0.1233	0	-0.000648358	0.0300856	-0.716306	1104.8	9.828065E-01	5000
5	87506623	rs115873146	G	A	695	0.0695	0	-0.00931498	0.0395807	-5.94587	638.313	8.139437E-01	5000
5	87506937	rs168570	T	G	1235	0.1235	0	-0.00108836	0.0300718	-1.20352	1105.81	9.711292E-01	5000
5	87507052	rs357518	A	G	1235	0.1235	0	-0.00108836	0.0300718	-1.20352	1105.81	9.711292E-01	5000
5	87507067	rs184826	T	C	1235	0.1235	0	-0.00108836	0.0300718	-1.20352	1105.81	9.711292E-01	5000
5	87510854	rs357519	A	C	1234	0.1234	0	-7.20481e-05	0.0300787	-0.0796352	1105.31	9.980888E-01	5000
5	87522417	rs17468356	T	C	1010	0.101	0	0.0492367	0.0330796	44.9955	913.862	1.366370E-01	5000
5	87545044	rs35541151	T	C	527	0.0527	0	-0.0213452	0.0454831	-10.3181	483.392	6.388549E-01	5000
5	87572026	rs12163987	A	G	2472	0.2472	0	0.0300591	0.0229803	56.9199	1893.6	1.908606E-01	5000
5	87576769	rs12657757	T	C	2502	0.2502	0	0.0231609	0.0228351	44.4168	1917.75	3.104571E-01	5000
5	87576797	rs12655529	C	A	2502	0.2502	0	0.0231609	0.0228351	44.4168	1917.75	3.104571E-01	5000
5	87581588	rs4916897	A	C	2502	0.2502	0	0.0231609	0.0228351	44.4168	1917.75	3.104571E-01	5000
5	87582787	rs17481705	G	A	549	0.0549	0	-0.0196493	0.0437415	-10.2698	522.653	6.532772E-01	5000
5	87585667	rs76726500	A	G	606	0.0606	0	0.0811693	0.0417946	46.4677	572.479	5.212505E-02	5000
5	87586062	rs4916898	G	A	2502	0.2502	0	0.0231609	0.0228351	44.4168	1917.75	3.104571E-01	5000
5	87588026	rs4916899	A	G	2502	0.2502	0	0.0231609	0.0228351	44.4168	1917.75	3.104571E-01	5000
5	87588420	rs16903057	T	C	2472	0.2472	0	0.0300591	0.0229803	56.9199	1893.6	1.908606E-01	5000
5	87589006	rs34241164	A	G	2472	0.2472	0	0.0300591	0.0229803	56.9199	1893.6	1.908606E-01	5000
5	87590501	rs13167796	G	A	2472	0.2472	0	0.0300591	0.0229803	56.9199	1893.6	1.908606E-01	5000
5	87590947	rs13172095	G	A	2502	0.2502	0	0.0231609	0.0228351	44.4168	1917.75	3.104571E-01	5000
5	87592237	rs13177755	C	T	2472	0.2472	0	0.0300591	0.0229803	56.9199	1893.6	1.908606E-01	5000
5	87593289	rs12659252	G	A	2502	0.2502	0	0.0231609	0.0228351	44.4168	1917.75	3.104571E-01	5000
5	87597012	rs1367233	A	G	2502	0.2502	0	0.0231609	0.0228351	44.4168	1917.75	3.104571E-01	5000
5	87600719	rs13155030	A	C	640	0.064	0	0.0353964	0.0404226	21.6626	612.001	3.812152E-01	5000
5	87601393	rs13159835	A	G	2472	0.2472	0	0.0300591	0.0229803	56.9199	1893.6	1.908606E-01	5000
5	87601619	rs4916717	G	A	2502	0.2502	0	0.0231609	0.0228351	44.4168	1917.75	3.104571E-01	5000
5	87602372	rs6872223	A	G	2502	0.2502	0	0.0231609	0.0228351	44.4168	1917.75	3.104571E-01	5000
5	87603572	rs147762489	C	T	2472	0.2472	0	0.0300591	0.0229803	56.9199	1893.6	1.908606E-01	5000
5	87604588	rs4382978	A	G	2502	0.2502	0	0.0231609	0.0228351	44.4168	1917.75	3.104571E-01	5000
5	87606209	rs12659578	A	C	2472	0.2472	0	0.0300591	0.0229803	56.9199	1893.6	1.908606E-01	5000
5	87609135	rs141354585	G	A	1008	0.1008	0	0.0549525	0.0331012	50.1535	912.67	9.688642E-02	5000
5	87609356	rs2121102	A	G	2501	0.2501	0	0.0230735	0.0228351	44.2493	1917.75	3.122848E-01	5000
5	87609915	rs10942528	T	C	2472	0.2472	0	0.0300591	0.0229803	56.9199	1893.6	1.908606E-01	5000
5	87611364	rs60331678	G	A	2472	0.2472	0	0.0300591	0.0229803	56.9199	1893.6	1.908606E-01	5000
5	87611688	rs10462333	G	T	2472	0.2472	0	0.0300591	0.0229803	56.9199	1893.6	1.908606E-01	5000
5	87612642	rs4916718	C	T	2502	0.2502	0	0.0231609	0.0228351	44.4168	1917.75	3.104571E-01	5000
5	87618065	rs6872897	A	G	2472	0.2472	0	0.0300591	0.0229803	56.9199	1893.6	1.908606E-01	5000
5	87618825	rs16903077	G	A	2472	0.2472	0	0.0300591	0.0229803	56.9199	1893.6	1.908606E-01	5000
5	87618838	rs13167167	A	G	546	0.0546	0	-0.0178312	0.044797	-8.88551	498.313	6.905975E-01	5000
5	87620670	rs2305104	T	C	2502	0.2502	0	0.0231609	0.0228351	44.4168	1917.75	3.104571E-01	5000
5	87623661	rs4916719	C	T	2502	0.2502	0	0.0231609	0.0228351	44.4168	1917.75	3.104571E-01	5000
5	87628801	rs11741675	T	G	2502	0.2502	0	0.0231609	0.0228351	44.4168	1917.75	3.104571E-01	5000
5	87634597	rs4916904	G	A	2502	0.2502	0	0.0231609	0.0228351	44.4168	1917.75	3.104571E-01	5000
5	87639971	rs78909929	A	G	2502	0.2502	0	0.0231609	0.0228351	44.4168	1917.75	3.104571E-01	5000
5	87642469	rs10462472	A	G	2472	0.2472	0	0.0300591	0.0229803	56.9199	1893.6	1.908606E-01	5000
5	87646127	rs71639107	A	G	2472	0.2472	0	0.0300591	0.0229803	56.9199	1893.6	1.908606E-01	5000
5	87649879	rs113828108	A	G	2502	0.2502	0	0.0231609	0.0228351	44.4168	1917.75	3.104571E-01	5000
5	87650585	rs11748762	G	A	820	0.082	0	-0.0221667	0.0362876	-16.8339	759.422	5.412911E-01	5000
5	87650635	rs11748768	G	A	2502	0.2502	0	0.0231609	0.0228351	44.4168	1917.75	3.104571E-01	5000
5	87650742	rs11748798	G	T	2477	0.2477	0	0.0307678	0.02298	58.2634	1893.65	1.806051E-01	5000
5	87652072	rs11750391	C	T	2502	0.2502	0	0.0231609	0.0228351	44.4168	1917.75	3.104571E-01	5000
5	87652128	rs11740836	T	C	2472	0.2472	0	0.0300591	0.0229803	56.9199	1893.6	1.908606E-01	5000
5	87653025	rs13154590	A	G	2472	0.2472	0	0.0300591	0.0229803	56.9199	1893.6	1.908606E-01	5000
5	87653036	rs72771828	T	G	2196	0.2196	0	0.055208	0.0241452	94.698	1715.3	2.222496E-02	5000
5	87653166	rs62369795	C	A	2197	0.2197	0	0.0562145	0.0241443	96.4313	1715.42	1.989778E-02	5000
5	87654656	rs2115884	A	G	2472	0.2472	0	0.0300591	0.0229803	56.9199	1893.6	1.908606E-01	5000
5	87654927	rs17318496	A	G	2202	0.2202	0	0.0559289	0.024126	96.0868	1718.02	2.043876E-02	5000
5	87655662	rs12515274	G	A	2502	0.2502	0	0.0231609	0.0228351	44.4168	1917.75	3.104571E-01	5000
5	87656101	rs35339529	A	G	2502	0.2502	0	0.0231609	0.0228351	44.4168	1917.75	3.104571E-01	5000
5	87658061	rs4916905	A	G	2494	0.2494	0	0.0237817	0.022871	45.4646	1911.75	2.984239E-01	5000
5	87659980	rs4916907	T	G	2496	0.2496	0	0.0214324	0.022859	41.0162	1913.75	3.484556E-01	5000
5	87661406	rs13189889	T	C	2464	0.2464	0	0.0307114	0.0230174	57.9677	1887.5	1.821162E-01	5000
5	87661593	rs12657776	A	G	2494	0.2494	0	0.0237817	0.022871	45.4646	1911.75	2.984239E-01	5000
5	87663610	rs10514299	C	T	2464	0.2464	0	0.0307114	0.0230174	57.9677	1887.5	1.821162E-01	5000
