chr	rs	ps	n_mis	n_obs	allele1	allele0	af	beta	se	p_wald
5	rs78956323	85816543	0	465	G	A	0.133	-1.236082e-01	9.755738e-02	2.057813e-01
5	rs34361574	85827975	0	465	G	T	0.196	1.065355e-01	8.084307e-02	1.882203e-01
5	rs1911944	85830432	0	465	T	C	0.367	2.133388e-02	6.502868e-02	7.430079e-01
5	rs11749261	85830796	0	465	C	T	0.367	2.133388e-02	6.502868e-02	7.430079e-01
5	rs4352632	85833857	0	465	A	G	0.371	2.947261e-02	6.446632e-02	6.477572e-01
5	rs112934562	85838601	0	465	T	C	0.038	6.639538e-02	1.659771e-01	6.893208e-01
5	rs6452715	85839447	0	465	G	A	0.371	2.947261e-02	6.446632e-02	6.477572e-01
5	rs6452716	85839578	0	465	A	G	0.371	2.947261e-02	6.446632e-02	6.477572e-01
5	rs62376304	85886353	0	465	T	C	0.132	1.366027e-01	9.335362e-02	1.440685e-01
5	rs62376306	85899092	0	465	A	G	0.131	1.204010e-01	9.443110e-02	2.029437e-01
5	rs17476297	85910124	0	465	G	A	0.138	9.086187e-02	9.335096e-02	3.308944e-01
5	rs4920669	85949557	0	465	A	G	0.090	1.001219e-01	1.098998e-01	3.627541e-01
5	rs2898540	85966342	0	465	T	C	0.099	-6.252628e-02	1.067987e-01	5.585241e-01
5	rs79128709	85975900	0	465	A	G	0.068	-1.069999e-01	1.286453e-01	4.059823e-01
5	rs6885407	85976245	0	465	A	G	0.135	-2.525222e-02	9.638512e-02	7.934434e-01
5	rs10491416	85986822	0	465	T	C	0.087	1.948524e-02	1.141613e-01	8.645486e-01
5	rs17477971	85994747	0	465	A	G	0.378	5.683280e-03	6.818699e-02	9.336105e-01
5	rs16902342	86002702	0	465	G	A	0.057	-1.225347e-01	1.374439e-01	3.731105e-01
5	rs254740	86003088	0	465	C	T	0.240	-3.098781e-02	7.459056e-02	6.780132e-01
5	rs1374024	86003548	0	465	A	G	0.375	4.131397e-02	6.760978e-02	5.414565e-01
5	rs254744	86008808	0	465	C	T	0.237	-3.060861e-02	7.462033e-02	6.818554e-01
5	rs254741	86012253	0	465	C	A	0.246	-5.348905e-02	7.371383e-02	4.684315e-01
5	rs62374176	86015174	0	465	A	G	0.227	1.080965e-02	7.694622e-02	8.883393e-01
5	rs17446600	86487388	0	465	T	G	0.082	-2.965336e-02	1.151432e-01	7.968805e-01
5	rs13174379	86500273	0	465	G	A	0.218	-7.977197e-02	7.615755e-02	2.954341e-01
5	rs62368896	86502656	0	465	T	G	0.177	-7.218910e-02	8.322518e-02	3.861749e-01
5	rs74665360	86503644	0	465	G	T	0.217	-1.182318e-01	7.652600e-02	1.230321e-01
5	rs6869531	86508346	0	465	T	C	0.271	6.901046e-02	7.117360e-02	3.327484e-01
5	rs11953892	86518243	0	465	G	A	0.318	8.070272e-03	6.914945e-02	9.071423e-01
5	rs55762997	86522570	0	465	A	G	0.148	-2.295609e-01	9.439797e-02	1.540045e-02
5	rs16902601	86539266	0	465	A	G	0.216	-1.173257e-01	7.655915e-02	1.260858e-01
5	rs10942498	86540308	0	465	C	A	0.281	1.713652e-02	7.069363e-02	8.085733e-01
5	rs3797761	86541971	0	465	C	T	0.219	-1.445593e-01	7.728989e-02	6.206573e-02
5	rs6878991	86543312	0	465	C	T	0.191	7.257865e-02	8.170572e-02	3.748442e-01
5	rs62368900	86543622	0	465	A	G	0.127	-6.210413e-02	9.626072e-02	5.191392e-01
5	rs62368901	86545415	0	465	G	A	0.098	-9.250071e-02	1.083750e-01	3.938100e-01
5	rs11948323	86548999	0	465	A	G	0.154	-2.569622e-01	9.257445e-02	5.730764e-03
5	rs72781788	86554030	0	465	G	T	0.124	3.213714e-02	9.519579e-02	7.358252e-01
5	rs7722818	86558707	0	465	G	A	0.439	1.524100e-02	6.629244e-02	8.182667e-01
5	rs6874962	86560187	0	465	G	T	0.376	-3.636463e-02	6.678272e-02	5.863448e-01
5	rs7713115	86572124	0	465	G	T	0.416	2.699566e-02	6.558270e-02	6.808028e-01
5	rs7719891	86577352	0	465	G	A	0.282	-3.841948e-02	7.141441e-02	5.908498e-01
5	rs388340	86584820	0	465	G	A	0.437	1.916564e-02	6.578700e-02	7.709304e-01
5	rs398463	86585704	0	465	G	A	0.417	3.685901e-02	6.538531e-02	5.732176e-01
5	rs1567348	86585874	0	465	A	G	0.353	2.393265e-03	6.679250e-02	9.714323e-01
5	rs56343304	86586566	0	465	T	C	0.145	-2.650732e-01	9.562510e-02	5.795762e-03
5	rs11745383	86592050	0	465	A	G	0.337	9.630543e-03	6.775140e-02	8.870271e-01
5	rs10054562	86593353	0	465	G	A	0.420	1.634945e-02	6.597277e-02	8.043826e-01
5	rs6893772	86597231	0	465	A	G	0.402	3.635342e-02	6.610397e-02	5.826237e-01
5	rs12659717	86599292	0	465	C	T	0.437	9.417693e-03	6.550921e-02	8.857515e-01
5	rs13362486	86603825	0	465	A	C	0.408	2.197991e-02	6.598774e-02	7.392165e-01
5	rs62368944	86604156	0	465	C	T	0.425	-3.045626e-03	6.608635e-02	9.632619e-01
5	rs10058449	86607633	0	465	A	G	0.355	-2.667129e-02	6.690486e-02	6.903385e-01
5	rs35148638	86610989	0	465	C	A	0.226	-1.226212e-01	7.586146e-02	1.066926e-01
5	rs3804239	86627754	0	465	A	G	0.180	-8.531258e-02	8.481059e-02	3.149800e-01
5	rs2271235	86628891	0	465	A	G	0.399	4.837180e-02	6.611529e-02	4.647657e-01
5	rs9293487	86629897	0	465	A	G	0.339	4.718349e-03	6.755186e-02	9.443450e-01
5	rs66507804	86630284	0	465	C	T	0.158	8.658039e-02	8.621603e-02	3.157942e-01
5	rs10942502	86635942	0	465	C	A	0.357	-1.020888e-02	6.674300e-02	8.784980e-01
5	rs62368949	86638676	0	465	A	G	0.339	4.718349e-03	6.755186e-02	9.443450e-01
5	rs1896694	86639645	0	465	T	G	0.342	1.835862e-03	6.771947e-02	9.783838e-01
5	rs10071944	86647138	0	465	T	C	0.151	9.534372e-02	8.773953e-02	2.777491e-01
5	rs10045850	86652624	0	465	C	T	0.369	-2.140757e-02	6.658464e-02	7.479697e-01
5	rs1973017	86653508	0	465	T	C	0.354	-2.084268e-02	6.775997e-02	7.585283e-01
5	rs16902632	86654813	0	465	T	C	0.339	4.718349e-03	6.755186e-02	9.443450e-01
5	rs62368950	86656090	0	465	T	C	0.105	-2.482007e-02	1.047362e-01	8.127795e-01
5	rs4421140	86656964	0	465	C	T	0.204	-9.449464e-02	7.942830e-02	2.347801e-01
5	rs2923742	86663270	0	465	C	T	0.068	5.194084e-02	1.309027e-01	6.917053e-01
5	rs10067098	86670970	0	465	C	T	0.445	2.798630e-03	6.497127e-02	9.656604e-01
5	rs3827607	86677220	0	465	A	G	0.402	4.466843e-02	6.580618e-02	4.976115e-01
5	rs72783711	86685558	0	465	C	A	0.137	3.231482e-02	9.125394e-02	7.234104e-01
5	rs2230641	86695274	0	465	G	A	0.198	-8.391095e-02	8.186616e-02	3.059092e-01
5	rs3093816	86697387	0	465	G	A	0.366	-1.054522e-02	6.697572e-02	8.749601e-01
5	rs3093809	86699541	0	465	G	A	0.123	5.618346e-02	9.453527e-02	5.525936e-01
5	rs116454645	86710074	0	465	C	A	0.100	-2.624668e-02	1.064667e-01	8.053853e-01
5	rs10065575	86714840	0	465	A	G	0.443	7.796685e-02	6.438878e-02	2.265605e-01
5	rs2641385	86721304	0	465	C	A	0.068	5.194084e-02	1.309027e-01	6.917053e-01
5	rs7702514	86727027	0	465	T	C	0.114	8.688469e-02	9.911892e-02	3.811747e-01
5	rs62368955	86734184	0	465	C	A	0.201	-8.041862e-02	8.063570e-02	3.191360e-01
5	rs62368956	86735368	0	465	A	G	0.200	-7.912955e-02	8.069048e-02	3.272749e-01
5	rs4428447	86738344	0	465	G	A	0.116	5.275033e-02	9.864901e-02	5.930951e-01
5	rs62367571	86749658	0	465	G	A	0.203	-7.930548e-02	8.053771e-02	3.252858e-01
5	rs7704035	86750847	0	465	T	C	0.130	2.709380e-02	9.479066e-02	7.751379e-01
5	rs7728691	86767630	0	465	A	G	0.143	2.886211e-02	9.255626e-02	7.553077e-01
5	rs4605823	86774931	0	465	G	T	0.144	3.533369e-02	9.238335e-02	7.022896e-01
5	rs112755386	86779121	0	465	A	G	0.055	2.311343e-03	1.396238e-01	9.867995e-01
5	rs34734977	86803812	0	465	T	C	0.138	1.945543e-02	9.426712e-02	8.365800e-01
5	rs13357535	87405162	0	465	A	G	0.234	-4.120323e-02	7.422148e-02	5.790678e-01
5	rs12187018	87412600	0	465	A	G	0.062	-1.704051e-01	1.326335e-01	1.995110e-01
5	rs56270757	87415955	0	465	T	C	0.058	-3.442734e-01	1.410547e-01	1.503226e-02
5	rs10040137	87421345	0	465	A	G	0.231	-5.016702e-02	7.466449e-02	5.019829e-01
5	rs72770076	87423413	0	465	T	C	0.055	-2.673720e-01	1.448632e-01	6.557592e-02
5	rs17286052	87430302	0	465	G	A	0.120	-2.242122e-01	9.807597e-02	2.269885e-02
5	rs10214259	87430946	0	465	A	G	0.233	-3.271215e-02	7.343964e-02	6.562179e-01
5	rs13180638	87432646	0	465	A	G	0.045	3.537244e-01	1.570195e-01	2.474281e-02
5	rs1816739	87434054	0	465	G	A	0.232	-3.371687e-02	7.385130e-02	6.482081e-01
5	rs10065580	87434708	0	465	C	A	0.233	-2.950273e-02	7.384136e-02	6.896780e-01
5	rs10514297	87435486	0	465	C	T	0.233	-2.950273e-02	7.384136e-02	6.896780e-01
5	rs71637297	87437764	0	465	T	C	0.046	3.677148e-01	1.553602e-01	1.835053e-02
5	rs10061672	87457441	0	465	A	G	0.141	-2.435212e-01	8.988868e-02	6.995842e-03
5	rs2162713	87457822	0	465	T	C	0.138	-2.404587e-01	9.196620e-02	9.223353e-03
5	rs10067455	87457922	0	465	G	T	0.172	-9.309399e-02	7.979130e-02	2.439246e-01
5	rs919238	87458278	0	465	A	G	0.138	-2.404587e-01	9.196620e-02	9.223353e-03
5	rs4298283	87466943	0	465	C	T	0.152	-2.054386e-01	8.719665e-02	1.888692e-02
5	rs6452775	87470240	0	465	G	T	0.111	-1.997239e-01	9.958385e-02	4.548191e-02
5	rs6452776	87472212	0	465	C	T	0.171	-9.035935e-02	7.987825e-02	2.585509e-01
5	rs10074260	87476940	0	465	T	C	0.171	-9.035935e-02	7.987825e-02	2.585509e-01
5	rs6452777	87479906	0	465	A	G	0.137	-2.334579e-01	9.218607e-02	1.165577e-02
5	rs1133152	87485064	0	465	A	G	0.148	-1.661133e-01	9.066215e-02	6.756027e-02
5	rs2162714	87485145	0	465	T	C	0.155	-1.308758e-01	8.518452e-02	1.251283e-01
5	rs115512170	87486787	0	465	C	A	0.057	1.812240e-01	1.373038e-01	1.875285e-01
5	rs357511	87487318	0	465	C	T	0.138	-2.312897e-01	9.201698e-02	1.229049e-02
5	rs357508	87487967	0	465	A	C	0.132	-2.423855e-01	9.288869e-02	9.363248e-03
5	rs357507	87489270	0	465	G	A	0.156	-1.435539e-01	8.440846e-02	8.966988e-02
5	rs358294	87492891	0	465	T	C	0.155	-1.308758e-01	8.518452e-02	1.251283e-01
5	rs358288	87495504	0	465	G	A	0.154	-1.323196e-01	8.529922e-02	1.215274e-01
5	rs28505226	87497612	0	465	C	T	0.138	-2.363977e-01	9.279835e-02	1.117409e-02
5	rs357514	87501223	0	465	G	A	0.159	-1.217824e-01	8.414749e-02	1.485039e-01
5	rs357516	87503631	0	465	T	C	0.137	-2.334579e-01	9.218607e-02	1.165577e-02
5	rs357517	87504483	0	465	G	A	0.138	-2.312897e-01	9.201698e-02	1.229049e-02
5	rs115873146	87506623	0	465	A	G	0.056	-2.028196e-01	1.439074e-01	1.593955e-01
5	rs168570	87506937	0	465	G	T	0.138	-2.312897e-01	9.201698e-02	1.229049e-02
5	rs357518	87507052	0	465	G	A	0.138	-2.312897e-01	9.201698e-02	1.229049e-02
5	rs184826	87507067	0	465	C	T	0.138	-2.312897e-01	9.201698e-02	1.229049e-02
5	rs357519	87510854	0	465	C	A	0.138	-2.312897e-01	9.201698e-02	1.229049e-02
5	rs17468356	87522417	0	465	C	T	0.076	-6.124480e-01	1.178690e-01	3.058446e-07
5	rs35541151	87545044	0	465	C	T	0.046	3.809406e-01	1.552913e-01	1.453199e-02
5	rs12163987	87572026	0	465	G	A	0.232	-6.035931e-01	6.966968e-02	7.691073e-17
5	rs12657757	87576769	0	465	C	T	0.271	-5.205507e-01	6.663189e-02	3.797956e-14
5	rs12655529	87576797	0	465	A	C	0.269	-5.185860e-01	6.701518e-02	6.369410e-14
5	rs4916897	87581588	0	465	C	A	0.272	-5.254049e-01	6.656584e-02	2.152540e-14
5	rs17481705	87582787	0	465	A	G	0.069	-6.019905e-01	1.227860e-01	1.309843e-06
5	rs76726500	87585667	0	465	G	A	0.051	-6.327708e-01	1.475912e-01	2.201819e-05
5	rs4916898	87586062	0	465	A	G	0.272	-5.291860e-01	6.688309e-02	1.880683e-14
5	rs4916899	87588026	0	465	G	A	0.273	-5.218445e-01	6.626735e-02	2.447184e-14
5	rs16903057	87588420	0	465	C	T	0.233	-6.047269e-01	6.963276e-02	6.568425e-17
5	rs34241164	87589006	0	465	G	A	0.234	-6.046040e-01	6.962037e-02	6.579367e-17
5	rs13167796	87590501	0	465	A	G	0.235	-6.046023e-01	6.915516e-02	4.225794e-17
5	rs13172095	87590947	0	465	A	G	0.272	-5.254049e-01	6.656584e-02	2.152540e-14
5	rs13177755	87592237	0	465	T	C	0.232	-6.135661e-01	7.041001e-02	5.246544e-17
5	rs12659252	87593289	0	465	A	G	0.273	-5.304968e-01	6.649570e-02	1.178771e-14
5	rs1367233	87597012	0	465	G	A	0.244	-6.100060e-01	6.897936e-02	1.961164e-17
5	rs13155030	87600719	0	465	C	A	0.047	-6.977990e-01	1.552582e-01	8.823859e-06
5	rs13159835	87601393	0	465	G	A	0.234	-6.016106e-01	6.967636e-02	9.591986e-17
5	rs4916717	87601619	0	465	A	G	0.244	-6.100060e-01	6.897936e-02	1.961164e-17
5	rs6872223	87602372	0	465	G	A	0.273	-5.304968e-01	6.649570e-02	1.178771e-14
5	rs147762489	87603572	0	465	T	C	0.239	-5.853236e-01	6.947799e-02	4.595988e-16
5	rs4382978	87604588	0	465	G	A	0.245	-6.100285e-01	6.897412e-02	1.946240e-17
5	rs12659578	87606209	0	465	C	A	0.233	-6.047269e-01	6.963276e-02	6.568425e-17
5	rs141354585	87609135	0	465	A	G	0.076	-6.124480e-01	1.178690e-01	3.058446e-07
5	rs2121102	87609356	0	465	G	A	0.268	-5.271150e-01	6.803389e-02	5.961815e-14
5	rs10942528	87609915	0	465	C	T	0.232	-6.080052e-01	6.958677e-02	4.400241e-17
5	rs60331678	87611364	0	465	A	G	0.232	-6.080052e-01	6.958677e-02	4.400241e-17
5	rs10462333	87611688	0	465	T	G	0.232	-6.080052e-01	6.958677e-02	4.400241e-17
5	rs4916718	87612642	0	465	T	C	0.271	-5.355643e-01	6.637441e-02	6.153196e-15
5	rs6872897	87618065	0	465	G	A	0.232	-6.080052e-01	6.958677e-02	4.400241e-17
5	rs16903077	87618825	0	465	A	G	0.234	-5.951924e-01	6.890115e-02	9.307545e-17
5	rs13167167	87618838	0	465	G	A	0.046	3.374583e-01	1.555084e-01	3.051217e-02
5	rs2305104	87620670	0	465	C	T	0.243	-6.130953e-01	6.892596e-02	1.319121e-17
5	rs4916719	87623661	0	465	T	C	0.258	-5.528561e-01	6.790283e-02	3.636128e-15
5	rs11741675	87628801	0	465	G	T	0.261	-5.545337e-01	6.749125e-02	2.118554e-15
5	rs4916904	87634597	0	465	A	G	0.261	-5.545337e-01	6.749125e-02	2.118554e-15
5	rs78909929	87639971	0	465	G	A	0.272	-5.329695e-01	6.643583e-02	8.586786e-15
5	rs10462472	87642469	0	465	G	A	0.232	-6.080052e-01	6.958677e-02	4.400241e-17
5	rs71639107	87646127	0	465	G	A	0.231	-6.104531e-01	7.001767e-02	5.075573e-17
5	rs113828108	87649879	0	465	G	A	0.247	-5.976778e-01	6.832274e-02	4.063034e-17
5	rs11748762	87650585	0	465	A	G	0.087	-4.456016e-01	1.093630e-01	5.425146e-05
5	rs11748768	87650635	0	465	A	G	0.258	-5.375861e-01	6.816713e-02	2.257092e-14
5	rs11748798	87650742	0	465	T	G	0.232	-6.080052e-01	6.958677e-02	4.400241e-17
5	rs11750391	87652072	0	465	T	C	0.261	-5.545337e-01	6.749125e-02	2.118554e-15
5	rs11740836	87652128	0	465	C	T	0.232	-6.080052e-01	6.958677e-02	4.400241e-17
5	rs13154590	87653025	0	465	G	A	0.235	-6.122656e-01	6.900939e-02	1.571398e-17
5	rs72771828	87653036	0	465	G	T	0.145	1.590760e-01	8.894510e-02	7.435329e-02
5	rs62369795	87653166	0	465	A	C	0.145	1.590760e-01	8.894510e-02	7.435329e-02
5	rs2115884	87654656	0	465	G	A	0.232	-6.080052e-01	6.958677e-02	4.400241e-17
5	rs17318496	87654927	0	465	G	A	0.145	1.590760e-01	8.894510e-02	7.435329e-02
5	rs12515274	87655662	0	465	A	G	0.242	-6.121835e-01	6.895021e-02	1.495767e-17
5	rs35339529	87656101	0	465	G	A	0.261	-5.552624e-01	6.747831e-02	1.936106e-15
5	rs4916905	87658061	0	465	G	A	0.259	-5.541115e-01	6.788776e-02	3.139618e-15
5	rs4916907	87659980	0	465	G	T	0.239	-5.961394e-01	6.927908e-02	1.197242e-16
5	rs13189889	87661406	0	465	C	T	0.230	-6.126084e-01	6.953393e-02	2.526329e-17
5	rs12657776	87661593	0	465	G	A	0.242	-6.119701e-01	6.895430e-02	1.537935e-17
5	rs10514299	87663610	0	465	T	C	0.231	-6.072268e-01	6.961813e-02	4.935376e-17
