chr	rs	ps	n_mis	n_obs	allele1	allele0	af	beta	se	p_wald
5	rs78956323	85816543	0	465	G	A	0.133	2.022560e-02	9.772185e-02	8.361234e-01
5	rs34361574	85827975	0	465	G	T	0.196	-1.979827e-01	8.047022e-02	1.424540e-02
5	rs1911944	85830432	0	465	T	C	0.367	-7.728051e-02	6.493699e-02	2.346230e-01
5	rs11749261	85830796	0	465	C	T	0.367	-7.728051e-02	6.493699e-02	2.346230e-01
5	rs4352632	85833857	0	465	A	G	0.371	-7.120752e-02	6.439590e-02	2.693972e-01
5	rs112934562	85838601	0	465	T	C	0.038	-1.702300e-01	1.658171e-01	3.051388e-01
5	rs6452715	85839447	0	465	G	A	0.371	-7.120752e-02	6.439590e-02	2.693972e-01
5	rs6452716	85839578	0	465	A	G	0.371	-7.120752e-02	6.439590e-02	2.693972e-01
5	rs62376304	85886353	0	465	T	C	0.132	-1.638692e-01	9.325879e-02	7.955405e-02
5	rs62376306	85899092	0	465	A	G	0.131	-1.825160e-01	9.421568e-02	5.332702e-02
5	rs17476297	85910124	0	465	G	A	0.138	-1.831755e-01	9.305785e-02	4.961763e-02
5	rs4920669	85949557	0	465	A	G	0.090	1.956452e-01	1.096218e-01	7.495988e-02
5	rs2898540	85966342	0	465	T	C	0.099	1.053422e-01	1.067260e-01	3.241412e-01
5	rs79128709	85975900	0	465	A	G	0.068	7.911150e-02	1.286889e-01	5.390218e-01
5	rs6885407	85976245	0	465	A	G	0.135	4.757797e-03	9.639201e-02	9.606546e-01
5	rs10491416	85986822	0	465	T	C	0.087	2.529306e-01	1.135582e-01	2.640571e-02
5	rs17477971	85994747	0	465	A	G	0.378	1.322938e-02	6.818473e-02	8.462433e-01
5	rs16902342	86002702	0	465	G	A	0.057	3.438877e-02	1.375526e-01	8.026947e-01
5	rs254740	86003088	0	465	C	T	0.240	-6.749085e-02	7.453850e-02	3.656982e-01
5	rs1374024	86003548	0	465	A	G	0.375	4.219671e-02	6.760861e-02	5.328481e-01
5	rs254744	86008808	0	465	C	T	0.237	-8.157028e-02	7.453755e-02	2.743698e-01
5	rs254741	86012253	0	465	C	A	0.246	-6.192445e-02	7.369957e-02	4.012142e-01
5	rs62374176	86015174	0	465	A	G	0.227	-1.106880e-01	7.677572e-02	1.500615e-01
5	rs17446600	86487388	0	465	T	G	0.082	-4.407652e-01	1.133149e-01	1.150531e-04
5	rs13174379	86500273	0	465	G	A	0.218	-2.964866e-01	7.499239e-02	8.903758e-05
5	rs62368896	86502656	0	465	T	G	0.177	-4.078258e-01	8.110770e-02	7.091153e-07
5	rs74665360	86503644	0	465	G	T	0.217	-3.371079e-01	7.510641e-02	9.066849e-06
5	rs6869531	86508346	0	465	T	C	0.271	-1.524058e-01	7.089288e-02	3.208808e-02
5	rs11953892	86518243	0	465	G	A	0.318	-1.597746e-01	6.875065e-02	2.055896e-02
5	rs55762997	86522570	0	465	A	G	0.148	1.602245e-01	9.470664e-02	9.135735e-02
5	rs16902601	86539266	0	465	A	G	0.216	-3.618445e-01	7.488821e-02	1.842908e-06
5	rs10942498	86540308	0	465	C	A	0.281	-2.242190e-01	6.992596e-02	1.436521e-03
5	rs3797761	86541971	0	465	C	T	0.219	-3.592397e-01	7.576364e-02	2.827476e-06
5	rs6878991	86543312	0	465	C	T	0.191	-2.658786e-01	8.083638e-02	1.081726e-03
5	rs62368900	86543622	0	465	A	G	0.127	-4.868622e-01	9.360824e-02	2.980885e-07
5	rs62368901	86545415	0	465	G	A	0.098	-4.456869e-01	1.064641e-01	3.394999e-05
5	rs11948323	86548999	0	465	A	G	0.154	1.698460e-01	9.300718e-02	6.847003e-02
5	rs72781788	86554030	0	465	G	T	0.124	-4.385163e-01	9.300076e-02	3.200638e-06
5	rs7722818	86558707	0	465	G	A	0.439	-4.592460e-01	6.276676e-02	1.129744e-12
5	rs6874962	86560187	0	465	G	T	0.376	-5.297945e-01	6.210123e-02	2.080638e-16
5	rs7713115	86572124	0	465	G	T	0.416	-4.733668e-01	6.179562e-02	1.095173e-13
5	rs7719891	86577352	0	465	G	A	0.282	-2.620793e-01	7.039074e-02	2.209352e-04
5	rs388340	86584820	0	465	G	A	0.437	-4.396131e-01	6.254051e-02	7.480182e-12
5	rs398463	86585704	0	465	G	A	0.417	-4.675475e-01	6.169306e-02	1.920343e-13
5	rs1567348	86585874	0	465	A	G	0.353	-5.479009e-01	6.174852e-02	1.560646e-17
5	rs56343304	86586566	0	465	T	C	0.145	1.582584e-01	9.613440e-02	1.003969e-01
5	rs11745383	86592050	0	465	A	G	0.337	-5.691823e-01	6.237576e-02	2.213868e-18
5	rs10054562	86593353	0	465	G	A	0.420	-4.703927e-01	6.225014e-02	2.234363e-13
5	rs6893772	86597231	0	465	A	G	0.402	-4.736810e-01	6.235368e-02	1.696380e-13
5	rs12659717	86599292	0	465	C	T	0.437	-4.587033e-01	6.194515e-02	6.249292e-13
5	rs13362486	86603825	0	465	A	C	0.408	-4.616184e-01	6.241141e-02	6.622473e-13
5	rs62368944	86604156	0	465	C	T	0.425	-4.519856e-01	6.265934e-02	2.243668e-12
5	rs10058449	86607633	0	465	A	G	0.355	-5.400880e-01	6.203052e-02	5.548359e-17
5	rs35148638	86610989	0	465	C	A	0.226	-3.915354e-01	7.386700e-02	1.790510e-07
5	rs3804239	86627754	0	465	A	G	0.180	-4.613749e-01	8.215108e-02	3.371969e-08
5	rs2271235	86628891	0	465	A	G	0.399	-4.764071e-01	6.233845e-02	1.239519e-13
5	rs9293487	86629897	0	465	A	G	0.339	-5.614565e-01	6.230932e-02	5.392466e-18
5	rs66507804	86630284	0	465	C	T	0.158	-4.403166e-01	8.384897e-02	2.306610e-07
5	rs10942502	86635942	0	465	C	A	0.357	-5.518385e-01	6.162086e-02	8.281159e-18
5	rs62368949	86638676	0	465	A	G	0.339	-5.614565e-01	6.230932e-02	5.392466e-18
5	rs1896694	86639645	0	465	T	G	0.342	-5.381123e-01	6.293270e-02	1.798975e-16
5	rs10071944	86647138	0	465	T	C	0.151	-4.370631e-01	8.547093e-02	4.635745e-07
5	rs10045850	86652624	0	465	C	T	0.369	-5.427264e-01	6.163054e-02	2.606314e-17
5	rs1973017	86653508	0	465	T	C	0.354	-5.717751e-01	6.233977e-02	1.533348e-18
5	rs16902632	86654813	0	465	T	C	0.339	-5.614565e-01	6.230932e-02	5.392466e-18
5	rs62368950	86656090	0	465	T	C	0.105	-3.723735e-01	1.033030e-01	3.464582e-04
5	rs4421140	86656964	0	465	C	T	0.204	-4.224468e-01	7.708888e-02	6.997571e-08
5	rs2923742	86663270	0	465	C	T	0.068	2.072457e-02	1.309214e-01	8.742912e-01
5	rs10067098	86670970	0	465	C	T	0.445	-4.112082e-01	6.209729e-02	9.845607e-11
5	rs3827607	86677220	0	465	A	G	0.402	-4.729407e-01	6.206181e-02	1.440324e-13
5	rs72783711	86685558	0	465	C	A	0.137	-4.016035e-01	8.933750e-02	8.787743e-06
5	rs2230641	86695274	0	465	G	A	0.198	-4.079752e-01	7.973573e-02	4.566459e-07
5	rs3093816	86697387	0	465	G	A	0.366	-5.204703e-01	6.245729e-02	9.017283e-16
5	rs3093809	86699541	0	465	G	A	0.123	-4.169940e-01	9.256444e-02	8.417437e-06
5	rs116454645	86710074	0	465	C	A	0.100	-3.869672e-01	1.049439e-01	2.534478e-04
5	rs10065575	86714840	0	465	A	G	0.443	-4.116322e-01	6.158800e-02	6.716837e-11
5	rs2641385	86721304	0	465	C	A	0.068	2.072457e-02	1.309214e-01	8.742912e-01
5	rs7702514	86727027	0	465	T	C	0.114	-4.504325e-01	9.696731e-02	4.433876e-06
5	rs62368955	86734184	0	465	C	A	0.201	-3.695875e-01	7.887372e-02	3.671658e-06
5	rs62368956	86735368	0	465	A	G	0.200	-3.721677e-01	7.890072e-02	3.174915e-06
5	rs4428447	86738344	0	465	G	A	0.116	-4.432341e-01	9.650557e-02	5.643260e-06
5	rs62367571	86749658	0	465	G	A	0.203	-3.618787e-01	7.884836e-02	5.728768e-06
5	rs7704035	86750847	0	465	T	C	0.130	-4.233514e-01	9.273487e-02	6.403911e-06
5	rs7728691	86767630	0	465	A	G	0.143	-4.201512e-01	9.048311e-02	4.470513e-06
5	rs4605823	86774931	0	465	G	T	0.144	-4.182521e-01	9.033023e-02	4.750898e-06
5	rs112755386	86779121	0	465	A	G	0.055	-3.717397e-01	1.385509e-01	7.556447e-03
5	rs34734977	86803812	0	465	T	C	0.138	-1.311539e-01	9.407420e-02	1.639397e-01
5	rs13357535	87405162	0	465	A	G	0.234	-1.327043e-01	7.398959e-02	7.353692e-02
5	rs12187018	87412600	0	465	A	G	0.062	3.446504e-02	1.328600e-01	7.954353e-01
5	rs56270757	87415955	0	465	T	C	0.058	-8.025940e-02	1.419102e-01	5.719636e-01
5	rs10040137	87421345	0	465	A	G	0.231	-1.401535e-01	7.441637e-02	6.027681e-02
5	rs72770076	87423413	0	465	T	C	0.055	3.108772e-02	1.453879e-01	8.307768e-01
5	rs17286052	87430302	0	465	G	A	0.120	-3.839411e-01	9.700047e-02	8.740231e-05
5	rs10214259	87430946	0	465	A	G	0.233	-1.402028e-01	7.316581e-02	5.595077e-02
5	rs13180638	87432646	0	465	A	G	0.045	-3.897472e-01	1.568352e-01	1.330450e-02
5	rs1816739	87434054	0	465	G	A	0.232	-1.488391e-01	7.354334e-02	4.356159e-02
5	rs10065580	87434708	0	465	C	A	0.233	-1.485438e-01	7.353073e-02	4.394221e-02
5	rs10514297	87435486	0	465	C	T	0.233	-1.485438e-01	7.353073e-02	4.394221e-02
5	rs71637297	87437764	0	465	T	C	0.046	-3.653093e-01	1.553724e-01	1.913207e-02
5	rs10061672	87457441	0	465	A	G	0.141	3.968835e-02	9.057956e-02	6.614746e-01
5	rs2162713	87457822	0	465	T	C	0.138	4.723642e-02	9.261665e-02	6.102800e-01
5	rs10067455	87457922	0	465	G	T	0.172	1.375899e-01	7.965226e-02	8.476587e-02
5	rs919238	87458278	0	465	A	G	0.138	4.723642e-02	9.261665e-02	6.102800e-01
5	rs4298283	87466943	0	465	C	T	0.152	5.074138e-02	8.768609e-02	5.630927e-01
5	rs6452775	87470240	0	465	G	T	0.111	1.038692e-01	9.989893e-02	2.990023e-01
5	rs6452776	87472212	0	465	C	T	0.171	1.298443e-01	7.976062e-02	1.042211e-01
5	rs10074260	87476940	0	465	T	C	0.171	1.298443e-01	7.976062e-02	1.042211e-01
5	rs6452777	87479906	0	465	A	G	0.137	4.919445e-02	9.279419e-02	5.962649e-01
5	rs1133152	87485064	0	465	A	G	0.148	5.787525e-02	9.095047e-02	5.248705e-01
5	rs2162714	87485145	0	465	T	C	0.155	1.119388e-01	8.524279e-02	1.897739e-01
5	rs115512170	87486787	0	465	C	A	0.057	3.869613e-02	1.375501e-01	7.785876e-01
5	rs357511	87487318	0	465	C	T	0.138	5.189560e-02	9.261127e-02	5.755053e-01
5	rs357508	87487967	0	465	A	C	0.132	3.292034e-02	9.355672e-02	7.250915e-01
5	rs357507	87489270	0	465	G	A	0.156	1.133800e-01	8.450759e-02	1.803657e-01
5	rs358294	87492891	0	465	T	C	0.155	1.119388e-01	8.524279e-02	1.897739e-01
5	rs358288	87495504	0	465	G	A	0.154	1.097876e-01	8.536826e-02	1.990694e-01
5	rs28505226	87497612	0	465	C	T	0.138	-2.672671e-01	9.261724e-02	4.087647e-03
5	rs357514	87501223	0	465	G	A	0.159	1.126483e-01	8.417497e-02	1.814674e-01
5	rs357516	87503631	0	465	T	C	0.137	4.919445e-02	9.279419e-02	5.962649e-01
5	rs357517	87504483	0	465	G	A	0.138	5.189560e-02	9.261127e-02	5.755053e-01
5	rs115873146	87506623	0	465	A	G	0.056	-3.832698e-01	1.431116e-01	7.666953e-03
5	rs168570	87506937	0	465	G	T	0.138	5.189560e-02	9.261127e-02	5.755053e-01
5	rs357518	87507052	0	465	G	A	0.138	5.189560e-02	9.261127e-02	5.755053e-01
5	rs184826	87507067	0	465	C	T	0.138	5.189560e-02	9.261127e-02	5.755053e-01
5	rs357519	87510854	0	465	C	A	0.138	5.189560e-02	9.261127e-02	5.755053e-01
5	rs17468356	87522417	0	465	C	T	0.076	1.290330e-02	1.212554e-01	9.152998e-01
5	rs35541151	87545044	0	465	C	T	0.046	-2.322135e-01	1.559242e-01	1.370967e-01
5	rs12163987	87572026	0	465	G	A	0.232	-1.241377e-02	7.510266e-02	8.687873e-01
5	rs12657757	87576769	0	465	C	T	0.271	4.807399e-02	7.085247e-02	4.977884e-01
5	rs12655529	87576797	0	465	A	C	0.269	4.524872e-02	7.118608e-02	5.253251e-01
5	rs4916897	87581588	0	465	C	A	0.272	4.705928e-02	7.086924e-02	5.070019e-01
5	rs17481705	87582787	0	465	A	G	0.069	-1.099597e-01	1.258293e-01	3.826363e-01
5	rs76726500	87585667	0	465	G	A	0.051	9.503237e-02	1.504276e-01	5.278631e-01
5	rs4916898	87586062	0	465	A	G	0.272	4.414931e-02	7.123181e-02	5.356959e-01
5	rs4916899	87588026	0	465	G	A	0.273	4.729143e-02	7.053155e-02	5.028732e-01
5	rs16903057	87588420	0	465	C	T	0.233	-1.089125e-02	7.508863e-02	8.847382e-01
5	rs34241164	87589006	0	465	G	A	0.234	-1.193903e-02	7.507466e-02	8.737156e-01
5	rs13167796	87590501	0	465	A	G	0.235	-6.043802e-03	7.464496e-02	9.355029e-01
5	rs13172095	87590947	0	465	A	G	0.272	4.705928e-02	7.086924e-02	5.070019e-01
5	rs13177755	87592237	0	465	T	C	0.232	-2.205237e-02	7.595798e-02	7.716989e-01
5	rs12659252	87593289	0	465	A	G	0.273	6.204653e-02	7.086040e-02	3.816926e-01
5	rs1367233	87597012	0	465	G	A	0.244	1.072518e-02	7.457608e-02	8.857089e-01
5	rs13155030	87600719	0	465	C	A	0.047	-3.863019e-04	1.586089e-01	9.980578e-01
5	rs13159835	87601393	0	465	G	A	0.234	-4.285721e-03	7.507645e-02	9.545023e-01
5	rs4916717	87601619	0	465	A	G	0.244	1.072518e-02	7.457608e-02	8.857089e-01
5	rs6872223	87602372	0	465	G	A	0.273	6.204653e-02	7.086040e-02	3.816926e-01
5	rs147762489	87603572	0	465	T	C	0.239	-1.556080e-02	7.460987e-02	8.348818e-01
5	rs4382978	87604588	0	465	G	A	0.245	9.686226e-03	7.457194e-02	8.967090e-01
5	rs12659578	87606209	0	465	C	A	0.233	-1.089125e-02	7.508863e-02	8.847382e-01
5	rs141354585	87609135	0	465	A	G	0.076	1.290330e-02	1.212554e-01	9.152998e-01
5	rs2121102	87609356	0	465	G	A	0.268	4.538134e-02	7.227912e-02	5.304036e-01
5	rs10942528	87609915	0	465	C	T	0.232	-1.570481e-02	7.510133e-02	8.344505e-01
5	rs60331678	87611364	0	465	A	G	0.232	-1.570481e-02	7.510133e-02	8.344505e-01
5	rs10462333	87611688	0	465	T	G	0.232	-1.570481e-02	7.510133e-02	8.344505e-01
5	rs4916718	87612642	0	465	T	C	0.271	6.239619e-02	7.082835e-02	3.788023e-01
5	rs6872897	87618065	0	465	G	A	0.232	-1.570481e-02	7.510133e-02	8.344505e-01
5	rs16903077	87618825	0	465	A	G	0.234	-2.592349e-02	7.423641e-02	7.270965e-01
5	rs13167167	87618838	0	465	G	A	0.046	-2.742533e-01	1.557767e-01	7.897409e-02
5	rs2305104	87620670	0	465	C	T	0.243	5.983972e-03	7.458257e-02	9.360867e-01
5	rs4916719	87623661	0	465	T	C	0.258	4.562110e-02	7.257031e-02	5.298903e-01
5	rs11741675	87628801	0	465	G	T	0.261	4.756788e-02	7.221042e-02	5.103903e-01
5	rs4916904	87634597	0	465	A	G	0.261	4.756788e-02	7.221042e-02	5.103903e-01
5	rs78909929	87639971	0	465	G	A	0.272	5.773216e-02	7.085219e-02	4.155912e-01
5	rs10462472	87642469	0	465	G	A	0.232	-1.570481e-02	7.510133e-02	8.344505e-01
5	rs71639107	87646127	0	465	G	A	0.231	-2.278551e-02	7.553952e-02	7.630642e-01
5	rs113828108	87649879	0	465	G	A	0.247	1.049210e-02	7.375154e-02	8.869343e-01
5	rs11748762	87650585	0	465	A	G	0.087	-6.314376e-02	1.112677e-01	5.706537e-01
5	rs11748768	87650635	0	465	A	G	0.258	3.374413e-02	7.258434e-02	6.422249e-01
5	rs11748798	87650742	0	465	T	G	0.232	-1.570481e-02	7.510133e-02	8.344505e-01
5	rs11750391	87652072	0	465	T	C	0.261	4.756788e-02	7.221042e-02	5.103903e-01
5	rs11740836	87652128	0	465	C	T	0.232	-1.570481e-02	7.510133e-02	8.344505e-01
5	rs13154590	87653025	0	465	G	A	0.235	4.976350e-04	7.464548e-02	9.946837e-01
5	rs72771828	87653036	0	465	G	T	0.145	1.325828e-01	8.903887e-02	1.371565e-01
5	rs62369795	87653166	0	465	A	C	0.145	1.325828e-01	8.903887e-02	1.371565e-01
5	rs2115884	87654656	0	465	G	A	0.232	-1.570481e-02	7.510133e-02	8.344505e-01
5	rs17318496	87654927	0	465	G	A	0.145	1.325828e-01	8.903887e-02	1.371565e-01
5	rs12515274	87655662	0	465	A	G	0.242	7.742968e-03	7.458845e-02	9.173657e-01
5	rs35339529	87656101	0	465	G	A	0.261	5.299901e-02	7.220225e-02	4.632987e-01
5	rs4916905	87658061	0	465	G	A	0.259	5.267000e-02	7.256658e-02	4.683181e-01
5	rs4916907	87659980	0	465	G	T	0.239	1.618685e-02	7.460958e-02	8.283397e-01
5	rs13189889	87661406	0	465	C	T	0.230	-2.350266e-02	7.512878e-02	7.545494e-01
5	rs12657776	87661593	0	465	G	A	0.242	9.716869e-03	7.458795e-02	8.964062e-01
5	rs10514299	87663610	0	465	T	C	0.231	-1.392816e-02	7.511755e-02	8.529823e-01
