chr	rs	ps	n_mis	n_obs	allele1	allele0	af	beta	se	p_wald
5	rs78956323	85816543	0	465	G	A	0.133	3.825031e-02	9.771020e-02	6.956322e-01
5	rs34361574	85827975	0	465	G	T	0.196	1.602264e-01	8.065151e-02	4.755010e-02
5	rs1911944	85830432	0	465	T	C	0.367	7.530288e-02	6.494201e-02	2.468336e-01
5	rs11749261	85830796	0	465	C	T	0.367	7.530288e-02	6.494201e-02	2.468336e-01
5	rs4352632	85833857	0	465	A	G	0.371	7.689383e-02	6.438177e-02	2.329559e-01
5	rs112934562	85838601	0	465	T	C	0.038	4.091635e-01	1.649131e-01	1.345234e-02
5	rs6452715	85839447	0	465	G	A	0.371	7.689383e-02	6.438177e-02	2.329559e-01
5	rs6452716	85839578	0	465	A	G	0.371	7.689383e-02	6.438177e-02	2.329559e-01
5	rs62376304	85886353	0	465	T	C	0.132	1.262960e-01	9.338496e-02	1.769001e-01
5	rs62376306	85899092	0	465	A	G	0.131	1.155343e-01	9.444423e-02	2.218358e-01
5	rs17476297	85910124	0	465	G	A	0.138	1.264045e-01	9.326158e-02	1.759588e-01
5	rs4920669	85949557	0	465	A	G	0.090	-8.153925e-02	1.099329e-01	4.586342e-01
5	rs2898540	85966342	0	465	T	C	0.099	1.712796e-01	1.065413e-01	1.085964e-01
5	rs79128709	85975900	0	465	A	G	0.068	4.698269e-01	1.268763e-01	2.387215e-04
5	rs6885407	85976245	0	465	A	G	0.135	8.275464e-02	9.631551e-02	3.906727e-01
5	rs10491416	85986822	0	465	T	C	0.087	2.530514e-01	1.135576e-01	2.633350e-02
5	rs17477971	85994747	0	465	A	G	0.378	1.624361e-01	6.776833e-02	1.692847e-02
5	rs16902342	86002702	0	465	G	A	0.057	5.597529e-01	1.350798e-01	4.060837e-05
5	rs254740	86003088	0	465	C	T	0.240	-3.502139e-02	7.458671e-02	6.389053e-01
5	rs1374024	86003548	0	465	A	G	0.375	1.679274e-01	6.718529e-02	1.278316e-02
5	rs254744	86008808	0	465	C	T	0.237	-2.832769e-02	7.462227e-02	7.044057e-01
5	rs254741	86012253	0	465	C	A	0.246	3.720691e-03	7.375553e-02	9.597885e-01
5	rs62374176	86015174	0	465	A	G	0.227	2.277758e-01	7.621626e-02	2.952131e-03
5	rs17446600	86487388	0	465	T	G	0.082	1.895023e-03	1.151514e-01	9.868771e-01
5	rs13174379	86500273	0	465	G	A	0.218	-3.289666e-02	7.623241e-02	6.662831e-01
5	rs62368896	86502656	0	465	T	G	0.177	-2.796503e-02	8.328263e-02	7.371853e-01
5	rs74665360	86503644	0	465	G	T	0.217	-2.314851e-02	7.671547e-02	7.629819e-01
5	rs6869531	86508346	0	465	T	C	0.271	-1.783447e-01	7.076207e-02	1.205919e-02
5	rs11953892	86518243	0	465	G	A	0.318	-1.723149e-01	6.868520e-02	1.245613e-02
5	rs55762997	86522570	0	465	A	G	0.148	5.240301e-02	9.496770e-02	5.813528e-01
5	rs16902601	86539266	0	465	A	G	0.216	-2.082512e-02	7.674697e-02	7.862445e-01
5	rs10942498	86540308	0	465	C	A	0.281	-1.582548e-01	7.031451e-02	2.487486e-02
5	rs3797761	86541971	0	465	C	T	0.219	-2.760138e-02	7.757072e-02	7.221358e-01
5	rs6878991	86543312	0	465	C	T	0.191	-1.994951e-01	8.124804e-02	1.444003e-02
5	rs62368900	86543622	0	465	A	G	0.127	-2.675524e-02	9.629595e-02	7.812562e-01
5	rs62368901	86545415	0	465	G	A	0.098	-4.315297e-03	1.084601e-01	9.682801e-01
5	rs11948323	86548999	0	465	A	G	0.154	4.709802e-02	9.331586e-02	6.139983e-01
5	rs72781788	86554030	0	465	G	T	0.124	9.291177e-02	9.510953e-02	3.291326e-01
5	rs7722818	86558707	0	465	G	A	0.439	-1.091476e-01	6.610188e-02	9.937514e-02
5	rs6874962	86560187	0	465	G	T	0.376	5.379653e-03	6.680363e-02	9.358510e-01
5	rs7713115	86572124	0	465	G	T	0.416	-9.387262e-02	6.544946e-02	1.521684e-01
5	rs7719891	86577352	0	465	G	A	0.282	-1.626439e-01	7.103571e-02	2.249322e-02
5	rs388340	86584820	0	465	G	A	0.437	-1.122090e-01	6.558604e-02	8.777536e-02
5	rs398463	86585704	0	465	G	A	0.417	-9.909430e-02	6.524542e-02	1.294971e-01
5	rs1567348	86585874	0	465	A	G	0.353	1.175048e-02	6.679036e-02	8.604252e-01
5	rs56343304	86586566	0	465	T	C	0.145	4.159210e-02	9.639596e-02	6.663264e-01
5	rs11745383	86592050	0	465	A	G	0.337	2.426326e-02	6.774349e-02	7.203840e-01
5	rs10054562	86593353	0	465	G	A	0.420	-8.585417e-02	6.585639e-02	1.929982e-01
5	rs6893772	86597231	0	465	A	G	0.402	-8.628145e-02	6.600387e-02	1.917874e-01
5	rs12659717	86599292	0	465	C	T	0.437	-9.602458e-02	6.535850e-02	1.424582e-01
5	rs13362486	86603825	0	465	A	C	0.408	-9.465156e-02	6.584888e-02	1.512782e-01
5	rs62368944	86604156	0	465	C	T	0.425	-1.031790e-01	6.591231e-02	1.181727e-01
5	rs10058449	86607633	0	465	A	G	0.355	1.557536e-02	6.691243e-02	8.160410e-01
5	rs35148638	86610989	0	465	C	A	0.226	-3.951630e-02	7.605303e-02	6.035986e-01
5	rs3804239	86627754	0	465	A	G	0.180	-1.558593e-02	8.490013e-02	8.544237e-01
5	rs2271235	86628891	0	465	A	G	0.399	-8.244983e-02	6.604243e-02	2.125019e-01
5	rs9293487	86629897	0	465	A	G	0.339	2.518076e-02	6.754207e-02	7.094561e-01
5	rs66507804	86630284	0	465	C	T	0.158	5.611851e-02	8.627046e-02	5.156951e-01
5	rs10942502	86635942	0	465	C	A	0.357	2.313381e-02	6.673602e-02	7.290144e-01
5	rs62368949	86638676	0	465	A	G	0.339	2.518076e-02	6.754207e-02	7.094561e-01
5	rs1896694	86639645	0	465	T	G	0.342	2.170474e-02	6.771202e-02	7.487000e-01
5	rs10071944	86647138	0	465	T	C	0.151	5.567693e-02	8.781323e-02	5.263691e-01
5	rs10045850	86652624	0	465	C	T	0.369	1.746449e-02	6.658713e-02	7.932220e-01
5	rs1973017	86653508	0	465	T	C	0.354	1.727757e-02	6.776214e-02	7.988565e-01
5	rs16902632	86654813	0	465	T	C	0.339	2.518076e-02	6.754207e-02	7.094561e-01
5	rs62368950	86656090	0	465	T	C	0.105	-6.907788e-02	1.046933e-01	5.097028e-01
5	rs4421140	86656964	0	465	C	T	0.204	-1.437851e-02	7.954681e-02	8.566387e-01
5	rs2923742	86663270	0	465	C	T	0.068	3.103704e-01	1.301279e-01	1.747506e-02
5	rs10067098	86670970	0	465	C	T	0.445	-8.293717e-02	6.485697e-02	2.016185e-01
5	rs3827607	86677220	0	465	A	G	0.402	-8.692363e-02	6.571487e-02	1.865751e-01
5	rs72783711	86685558	0	465	C	A	0.137	5.623926e-02	9.122887e-02	5.378917e-01
5	rs2230641	86695274	0	465	G	A	0.198	-1.397118e-02	8.195642e-02	8.647143e-01
5	rs3093816	86697387	0	465	G	A	0.366	8.768353e-03	6.697627e-02	8.958976e-01
5	rs3093809	86699541	0	465	G	A	0.123	1.222810e-01	9.440042e-02	1.958472e-01
5	rs116454645	86710074	0	465	C	A	0.100	-3.455983e-02	1.064616e-01	7.456134e-01
5	rs10065575	86714840	0	465	A	G	0.443	-1.027947e-01	6.431347e-02	1.106498e-01
5	rs2641385	86721304	0	465	C	A	0.068	3.103704e-01	1.301279e-01	1.747506e-02
5	rs7702514	86727027	0	465	T	C	0.114	1.396778e-01	9.898852e-02	1.589014e-01
5	rs62368955	86734184	0	465	C	A	0.201	-3.224994e-02	8.070835e-02	6.896457e-01
5	rs62368956	86735368	0	465	A	G	0.200	-2.747624e-02	8.076415e-02	7.338576e-01
5	rs4428447	86738344	0	465	G	A	0.116	1.339051e-01	9.848304e-02	1.745939e-01
5	rs62367571	86749658	0	465	G	A	0.203	-3.180480e-02	8.060845e-02	6.933500e-01
5	rs7704035	86750847	0	465	T	C	0.130	6.138767e-02	9.475608e-02	5.174035e-01
5	rs7728691	86767630	0	465	A	G	0.143	4.319143e-02	9.254422e-02	6.409260e-01
5	rs4605823	86774931	0	465	G	T	0.144	3.812140e-02	9.238095e-02	6.800509e-01
5	rs112755386	86779121	0	465	A	G	0.055	1.496139e-01	1.394506e-01	2.838834e-01
5	rs34734977	86803812	0	465	T	C	0.138	2.775067e-02	9.426263e-02	7.685862e-01
5	rs13357535	87405162	0	465	A	G	0.234	-8.131763e-02	7.414994e-02	2.733580e-01
5	rs12187018	87412600	0	465	A	G	0.062	1.551159e-01	1.326740e-01	2.429444e-01
5	rs56270757	87415955	0	465	T	C	0.058	1.399659e-01	1.418101e-01	3.241603e-01
5	rs10040137	87421345	0	465	A	G	0.231	-7.978930e-02	7.460879e-02	2.854306e-01
5	rs72770076	87423413	0	465	T	C	0.055	1.751313e-01	1.451671e-01	2.282748e-01
5	rs17286052	87430302	0	465	G	A	0.120	4.637910e-02	9.860440e-02	6.383227e-01
5	rs10214259	87430946	0	465	A	G	0.233	-6.867298e-02	7.338601e-02	3.498755e-01
5	rs13180638	87432646	0	465	A	G	0.045	-1.011808e-01	1.578076e-01	5.217322e-01
5	rs1816739	87434054	0	465	G	A	0.232	-7.661547e-02	7.378205e-02	2.996247e-01
5	rs10065580	87434708	0	465	C	A	0.233	-7.972586e-02	7.376108e-02	2.803193e-01
5	rs10514297	87435486	0	465	C	T	0.233	-7.972586e-02	7.376108e-02	2.803193e-01
5	rs71637297	87437764	0	465	T	C	0.046	-9.659061e-02	1.562328e-01	5.367158e-01
5	rs10061672	87457441	0	465	A	G	0.141	6.758406e-02	9.054388e-02	4.557906e-01
5	rs2162713	87457822	0	465	T	C	0.138	9.598750e-02	9.253520e-02	3.001338e-01
5	rs10067455	87457922	0	465	G	T	0.172	1.086678e-03	7.990850e-02	9.891557e-01
5	rs919238	87458278	0	465	A	G	0.138	9.598750e-02	9.253520e-02	3.001338e-01
5	rs4298283	87466943	0	465	C	T	0.152	4.947558e-02	8.768765e-02	5.728741e-01
5	rs6452775	87470240	0	465	G	T	0.111	6.508679e-02	9.996974e-02	5.153276e-01
5	rs6452776	87472212	0	465	C	T	0.171	-1.301464e-03	7.998854e-02	9.870255e-01
5	rs10074260	87476940	0	465	T	C	0.171	-1.301464e-03	7.998854e-02	9.870255e-01
5	rs6452777	87479906	0	465	A	G	0.137	9.937149e-02	9.270739e-02	2.843309e-01
5	rs1133152	87485064	0	465	A	G	0.148	2.072724e-02	9.098513e-02	8.198952e-01
5	rs2162714	87485145	0	465	T	C	0.155	7.029489e-03	8.540076e-02	9.344344e-01
5	rs115512170	87486787	0	465	C	A	0.057	9.327018e-02	1.374935e-01	4.978821e-01
5	rs357511	87487318	0	465	C	T	0.138	9.067638e-02	9.254677e-02	3.277016e-01
5	rs357508	87487967	0	465	A	C	0.132	7.653084e-02	9.350161e-02	4.134942e-01
5	rs357507	87489270	0	465	G	A	0.156	6.974102e-03	8.467108e-02	9.343905e-01
5	rs358294	87492891	0	465	T	C	0.155	7.029489e-03	8.540076e-02	9.344344e-01
5	rs358288	87495504	0	465	G	A	0.154	1.413120e-02	8.551807e-02	8.688254e-01
5	rs28505226	87497612	0	465	C	T	0.138	8.228736e-02	9.336813e-02	3.786010e-01
5	rs357514	87501223	0	465	G	A	0.159	-2.361909e-02	8.433047e-02	7.795430e-01
5	rs357516	87503631	0	465	T	C	0.137	9.937149e-02	9.270739e-02	2.843309e-01
5	rs357517	87504483	0	465	G	A	0.138	9.067638e-02	9.254677e-02	3.277016e-01
5	rs115873146	87506623	0	465	A	G	0.056	1.963214e-01	1.439269e-01	1.732191e-01
5	rs168570	87506937	0	465	G	T	0.138	9.067638e-02	9.254677e-02	3.277016e-01
5	rs357518	87507052	0	465	G	A	0.138	9.067638e-02	9.254677e-02	3.277016e-01
5	rs184826	87507067	0	465	C	T	0.138	9.067638e-02	9.254677e-02	3.277016e-01
5	rs357519	87510854	0	465	C	A	0.138	9.067638e-02	9.254677e-02	3.277016e-01
5	rs17468356	87522417	0	465	C	T	0.076	1.012416e-01	1.211656e-01	4.038312e-01
5	rs35541151	87545044	0	465	C	T	0.046	-7.024348e-02	1.562631e-01	6.532666e-01
5	rs12163987	87572026	0	465	G	A	0.232	4.379322e-02	7.507730e-02	5.599697e-01
5	rs12657757	87576769	0	465	C	T	0.271	-6.778035e-03	7.088698e-02	9.238657e-01
5	rs12655529	87576797	0	465	A	C	0.269	-3.875843e-03	7.121690e-02	9.566216e-01
5	rs4916897	87581588	0	465	C	A	0.272	-8.537985e-03	7.090187e-02	9.042029e-01
5	rs17481705	87582787	0	465	A	G	0.069	1.183271e-01	1.258129e-01	3.474514e-01
5	rs76726500	87585667	0	465	G	A	0.051	2.999811e-01	1.498452e-01	4.587407e-02
5	rs4916898	87586062	0	465	A	G	0.272	-8.351831e-03	7.126030e-02	9.067510e-01
5	rs4916899	87588026	0	465	G	A	0.273	-6.533557e-03	7.056513e-02	9.262701e-01
5	rs16903057	87588420	0	465	C	T	0.233	3.892433e-02	7.506854e-02	6.043452e-01
5	rs34241164	87589006	0	465	G	A	0.234	3.369852e-02	7.506038e-02	6.536762e-01
5	rs13167796	87590501	0	465	A	G	0.235	3.665328e-02	7.462605e-02	6.235465e-01
5	rs13172095	87590947	0	465	A	G	0.272	-8.537985e-03	7.090187e-02	9.042029e-01
5	rs13177755	87592237	0	465	T	C	0.232	1.928419e-02	7.595961e-02	7.997053e-01
5	rs12659252	87593289	0	465	A	G	0.273	-1.262936e-02	7.091662e-02	8.587322e-01
5	rs1367233	87597012	0	465	G	A	0.244	5.572062e-02	7.453277e-02	4.550816e-01
5	rs13155030	87600719	0	465	C	A	0.047	-6.377757e-02	1.585812e-01	6.877401e-01
5	rs13159835	87601393	0	465	G	A	0.234	3.385843e-02	7.506022e-02	6.521406e-01
5	rs4916717	87601619	0	465	A	G	0.244	5.572062e-02	7.453277e-02	4.550816e-01
5	rs6872223	87602372	0	465	G	A	0.273	-1.262936e-02	7.091662e-02	8.587322e-01
5	rs147762489	87603572	0	465	T	C	0.239	2.153925e-02	7.460666e-02	7.729371e-01
5	rs4382978	87604588	0	465	G	A	0.245	5.057195e-02	7.453625e-02	4.978013e-01
5	rs12659578	87606209	0	465	C	A	0.233	3.892433e-02	7.506854e-02	6.043452e-01
5	rs141354585	87609135	0	465	A	G	0.076	1.012416e-01	1.211656e-01	4.038312e-01
5	rs2121102	87609356	0	465	G	A	0.268	-3.963969e-02	7.228641e-02	5.837022e-01
5	rs10942528	87609915	0	465	C	T	0.232	3.969949e-02	7.508221e-02	5.972343e-01
5	rs60331678	87611364	0	465	A	G	0.232	3.969949e-02	7.508221e-02	5.972343e-01
5	rs10462333	87611688	0	465	T	G	0.232	3.969949e-02	7.508221e-02	5.972343e-01
5	rs4916718	87612642	0	465	T	C	0.271	-4.945371e-04	7.088768e-02	9.944367e-01
5	rs6872897	87618065	0	465	G	A	0.232	3.969949e-02	7.508221e-02	5.972343e-01
5	rs16903077	87618825	0	465	A	G	0.234	4.221741e-02	7.422025e-02	5.697591e-01
5	rs13167167	87618838	0	465	G	A	0.046	-6.196575e-02	1.562707e-01	6.918980e-01
5	rs2305104	87620670	0	465	C	T	0.243	5.647817e-02	7.453689e-02	4.490035e-01
5	rs4916719	87623661	0	465	T	C	0.258	2.749359e-02	7.259004e-02	7.050459e-01
5	rs11741675	87628801	0	465	G	T	0.261	1.934650e-02	7.223866e-02	7.889620e-01
5	rs4916904	87634597	0	465	A	G	0.261	1.934650e-02	7.223866e-02	7.889620e-01
5	rs78909929	87639971	0	465	G	A	0.272	-1.194622e-02	7.090080e-02	8.662698e-01
5	rs10462472	87642469	0	465	G	A	0.232	3.969949e-02	7.508221e-02	5.972343e-01
5	rs71639107	87646127	0	465	G	A	0.231	4.215269e-02	7.552154e-02	5.770086e-01
5	rs113828108	87649879	0	465	G	A	0.247	3.303396e-02	7.373717e-02	6.543656e-01
5	rs11748762	87650585	0	465	A	G	0.087	8.955383e-02	1.112286e-01	4.211560e-01
5	rs11748768	87650635	0	465	A	G	0.258	1.120989e-02	7.259941e-02	8.773558e-01
5	rs11748798	87650742	0	465	T	G	0.232	3.969949e-02	7.508221e-02	5.972343e-01
5	rs11750391	87652072	0	465	T	C	0.261	1.934650e-02	7.223866e-02	7.889620e-01
5	rs11740836	87652128	0	465	C	T	0.232	3.969949e-02	7.508221e-02	5.972343e-01
5	rs13154590	87653025	0	465	G	A	0.235	3.625577e-02	7.462646e-02	6.273176e-01
5	rs72771828	87653036	0	465	G	T	0.145	1.254236e-01	8.906127e-02	1.597179e-01
5	rs62369795	87653166	0	465	A	C	0.145	1.254236e-01	8.906127e-02	1.597179e-01
5	rs2115884	87654656	0	465	G	A	0.232	3.969949e-02	7.508221e-02	5.972343e-01
5	rs17318496	87654927	0	465	G	A	0.145	1.254236e-01	8.906127e-02	1.597179e-01
5	rs12515274	87655662	0	465	A	G	0.242	4.648884e-02	7.455802e-02	5.332462e-01
5	rs35339529	87656101	0	465	G	A	0.261	2.273137e-03	7.224417e-02	9.749125e-01
5	rs4916905	87658061	0	465	G	A	0.259	9.518261e-03	7.260650e-02	8.957581e-01
5	rs4916907	87659980	0	465	G	T	0.239	5.096684e-02	7.457577e-02	4.946810e-01
5	rs13189889	87661406	0	465	C	T	0.230	2.795239e-02	7.512549e-02	7.100065e-01
5	rs12657776	87661593	0	465	G	A	0.242	4.396512e-02	7.456133e-02	5.557127e-01
5	rs10514299	87663610	0	465	T	C	0.231	2.957420e-02	7.510776e-02	6.939418e-01
