chr	rs	ps	n_mis	n_obs	allele1	allele0	af	beta	se	p_wald
5	rs78956323	85816543	0	465	G	A	0.133	-5.546270e-02	9.769237e-02	5.704948e-01
5	rs34361574	85827975	0	465	G	T	0.196	-1.026334e-01	8.085397e-02	2.049477e-01
5	rs1911944	85830432	0	465	T	C	0.367	1.674065e-02	6.503158e-02	7.969664e-01
5	rs11749261	85830796	0	465	C	T	0.367	1.674065e-02	6.503158e-02	7.969664e-01
5	rs4352632	85833857	0	465	A	G	0.371	1.992481e-02	6.447422e-02	7.574337e-01
5	rs112934562	85838601	0	465	T	C	0.038	-2.192587e-01	1.656927e-01	1.863937e-01
5	rs6452715	85839447	0	465	G	A	0.371	1.992481e-02	6.447422e-02	7.574337e-01
5	rs6452716	85839578	0	465	A	G	0.371	1.992481e-02	6.447422e-02	7.574337e-01
5	rs62376304	85886353	0	465	T	C	0.132	-1.129580e-01	9.342185e-02	2.272346e-01
5	rs62376306	85899092	0	465	A	G	0.131	-1.199324e-01	9.443239e-02	2.047101e-01
5	rs17476297	85910124	0	465	G	A	0.138	-1.195260e-01	9.328117e-02	2.007116e-01
5	rs4920669	85949557	0	465	A	G	0.090	-8.469194e-02	1.099278e-01	4.414363e-01
5	rs2898540	85966342	0	465	T	C	0.099	-4.044227e-02	1.068217e-01	7.051614e-01
5	rs79128709	85975900	0	465	A	G	0.068	3.196891e-02	1.287328e-01	8.039851e-01
5	rs6885407	85976245	0	465	A	G	0.135	-5.013836e-02	9.636410e-02	6.031023e-01
5	rs10491416	85986822	0	465	T	C	0.087	-1.155574e-01	1.140385e-01	3.114370e-01
5	rs17477971	85994747	0	465	A	G	0.378	-1.246765e-01	6.794087e-02	6.713622e-02
5	rs16902342	86002702	0	465	G	A	0.057	6.526583e-02	1.375284e-01	6.353226e-01
5	rs254740	86003088	0	465	C	T	0.240	5.222111e-02	7.456498e-02	4.840645e-01
5	rs1374024	86003548	0	465	A	G	0.375	-1.281372e-01	6.737438e-02	5.780878e-02
5	rs254744	86008808	0	465	C	T	0.237	2.580497e-02	7.462425e-02	7.296510e-01
5	rs254741	86012253	0	465	C	A	0.246	4.546053e-02	7.372547e-02	5.377891e-01
5	rs62374176	86015174	0	465	A	G	0.227	-4.695647e-02	7.691691e-02	5.418414e-01
5	rs17446600	86487388	0	465	T	G	0.082	-5.523200e-01	1.122541e-01	1.203274e-06
5	rs13174379	86500273	0	465	G	A	0.218	-2.016378e-01	7.566970e-02	7.974527e-03
5	rs62368896	86502656	0	465	T	G	0.177	-2.690324e-01	8.234902e-02	1.167798e-03
5	rs74665360	86503644	0	465	G	T	0.217	-1.939430e-01	7.619173e-02	1.123659e-02
5	rs6869531	86508346	0	465	T	C	0.271	-8.514651e-02	7.113585e-02	2.319360e-01
5	rs11953892	86518243	0	465	G	A	0.318	-8.550900e-02	6.903619e-02	2.161171e-01
5	rs55762997	86522570	0	465	A	G	0.148	7.728676e-02	9.493100e-02	4.159855e-01
5	rs16902601	86539266	0	465	A	G	0.216	-2.172303e-01	7.608622e-02	4.496177e-03
5	rs10942498	86540308	0	465	C	A	0.281	-1.357703e-01	7.041598e-02	5.445169e-02
5	rs3797761	86541971	0	465	C	T	0.219	-2.145926e-01	7.693765e-02	5.502074e-03
5	rs6878991	86543312	0	465	C	T	0.191	-7.693792e-02	8.169710e-02	3.468138e-01
5	rs62368900	86543622	0	465	A	G	0.127	-2.304311e-01	9.570670e-02	1.644442e-02
5	rs62368901	86545415	0	465	G	A	0.098	-2.009603e-01	1.080574e-01	6.355425e-02
5	rs11948323	86548999	0	465	A	G	0.154	1.096001e-01	9.320245e-02	2.402248e-01
5	rs72781788	86554030	0	465	G	T	0.124	-7.028476e-01	8.942888e-02	2.730533e-14
5	rs7722818	86558707	0	465	G	A	0.439	-4.755593e-01	6.250384e-02	1.564241e-13
5	rs6874962	86560187	0	465	G	T	0.376	-5.625514e-01	6.147585e-02	1.810033e-18
5	rs7713115	86572124	0	465	G	T	0.416	-5.032384e-01	6.128369e-02	2.193168e-15
5	rs7719891	86577352	0	465	G	A	0.282	-1.260941e-01	7.119596e-02	7.720450e-02
5	rs388340	86584820	0	465	G	A	0.437	-4.864941e-01	6.178626e-02	2.464742e-14
5	rs398463	86585704	0	465	G	A	0.417	-5.136535e-01	6.089602e-02	4.257154e-16
5	rs1567348	86585874	0	465	A	G	0.353	-6.067198e-01	6.054914e-02	1.607093e-21
5	rs56343304	86586566	0	465	T	C	0.145	8.235232e-02	9.633934e-02	3.930956e-01
5	rs11745383	86592050	0	465	A	G	0.337	-6.402717e-01	6.086900e-02	2.389680e-23
5	rs10054562	86593353	0	465	G	A	0.420	-5.068120e-01	6.162965e-02	2.011473e-15
5	rs6893772	86597231	0	465	A	G	0.402	-5.336411e-01	6.129869e-02	5.599991e-17
5	rs12659717	86599292	0	465	C	T	0.437	-4.847302e-01	6.151559e-02	2.363059e-14
5	rs13362486	86603825	0	465	A	C	0.408	-5.096049e-01	6.159971e-02	1.403561e-15
5	rs62368944	86604156	0	465	C	T	0.425	-4.862515e-01	6.210278e-02	3.360197e-14
5	rs10058449	86607633	0	465	A	G	0.355	-5.936732e-01	6.096368e-02	1.643601e-20
5	rs35148638	86610989	0	465	C	A	0.226	-2.344454e-01	7.529091e-02	1.961034e-03
5	rs3804239	86627754	0	465	A	G	0.180	-3.098171e-01	8.367342e-02	2.390300e-04
5	rs2271235	86628891	0	465	A	G	0.399	-5.377073e-01	6.125207e-02	3.215449e-17
5	rs9293487	86629897	0	465	A	G	0.339	-6.379918e-01	6.069744e-02	2.555425e-23
5	rs66507804	86630284	0	465	C	T	0.158	-7.097122e-01	7.975906e-02	1.286875e-17
5	rs10942502	86635942	0	465	C	A	0.357	-6.010031e-01	6.061941e-02	3.865883e-21
5	rs62368949	86638676	0	465	A	G	0.339	-6.379918e-01	6.069744e-02	2.555425e-23
5	rs1896694	86639645	0	465	T	G	0.342	-6.203761e-01	6.127552e-02	6.745016e-22
5	rs10071944	86647138	0	465	T	C	0.151	-6.897999e-01	8.179341e-02	4.304309e-16
5	rs10045850	86652624	0	465	C	T	0.369	-5.747116e-01	6.100105e-02	2.125503e-19
5	rs1973017	86653508	0	465	T	C	0.354	-6.015680e-01	6.173123e-02	1.554681e-20
5	rs16902632	86654813	0	465	T	C	0.339	-6.379918e-01	6.069744e-02	2.555425e-23
5	rs62368950	86656090	0	465	T	C	0.105	-1.574967e-01	1.044865e-01	1.324055e-01
5	rs4421140	86656964	0	465	C	T	0.204	-2.841989e-01	7.844548e-02	3.235723e-04
5	rs2923742	86663270	0	465	C	T	0.068	6.971072e-01	1.268533e-01	6.448291e-08
5	rs10067098	86670970	0	465	C	T	0.445	-4.401996e-01	6.166653e-02	3.674503e-12
5	rs3827607	86677220	0	465	A	G	0.402	-5.313499e-01	6.103256e-02	5.582195e-17
5	rs72783711	86685558	0	465	C	A	0.137	-6.888222e-01	8.546784e-02	6.582772e-15
5	rs2230641	86695274	0	465	G	A	0.198	-2.657419e-01	8.102316e-02	1.117054e-03
5	rs3093816	86697387	0	465	G	A	0.366	-6.087459e-01	6.070928e-02	1.516932e-21
5	rs3093809	86699541	0	465	G	A	0.123	-6.835275e-01	8.907660e-02	9.990864e-14
5	rs116454645	86710074	0	465	C	A	0.100	-1.933062e-01	1.060940e-01	6.909579e-02
5	rs10065575	86714840	0	465	A	G	0.443	-4.669299e-01	6.073015e-02	8.997730e-14
5	rs2641385	86721304	0	465	C	A	0.068	6.971072e-01	1.268533e-01	6.448291e-08
5	rs7702514	86727027	0	465	T	C	0.114	-6.750923e-01	9.410911e-02	2.918007e-12
5	rs62368955	86734184	0	465	C	A	0.201	-2.480143e-01	7.989513e-02	2.024525e-03
5	rs62368956	86735368	0	465	A	G	0.200	-2.499290e-01	7.993476e-02	1.879328e-03
5	rs4428447	86738344	0	465	G	A	0.116	-6.745138e-01	9.356806e-02	2.312502e-12
5	rs62367571	86749658	0	465	G	A	0.203	-2.277127e-01	7.992442e-02	4.579685e-03
5	rs7704035	86750847	0	465	T	C	0.130	-6.788649e-01	8.939508e-02	1.728070e-13
5	rs7728691	86767630	0	465	A	G	0.143	-6.816081e-01	8.697717e-02	3.202399e-14
5	rs4605823	86774931	0	465	G	T	0.144	-6.658300e-01	8.706242e-02	1.193654e-13
5	rs112755386	86779121	0	465	A	G	0.055	-7.680217e-01	1.349846e-01	2.259736e-08
5	rs34734977	86803812	0	465	T	C	0.138	-6.172488e-01	8.980101e-02	2.032718e-11
5	rs13357535	87405162	0	465	A	G	0.234	-9.793649e-02	7.410654e-02	1.869662e-01
5	rs12187018	87412600	0	465	A	G	0.062	1.931578e-02	1.328667e-01	8.844763e-01
5	rs56270757	87415955	0	465	T	C	0.058	2.303133e-01	1.415551e-01	1.044127e-01
5	rs10040137	87421345	0	465	A	G	0.231	-8.896999e-02	7.458636e-02	2.335409e-01
5	rs72770076	87423413	0	465	T	C	0.055	1.805441e-01	1.451528e-01	2.141947e-01
5	rs17286052	87430302	0	465	G	A	0.120	-3.202016e-01	9.749886e-02	1.100413e-03
5	rs10214259	87430946	0	465	A	G	0.233	-1.153064e-01	7.325965e-02	1.161839e-01
5	rs13180638	87432646	0	465	A	G	0.045	-2.383174e-02	1.578738e-01	8.800774e-01
5	rs1816739	87434054	0	465	G	A	0.232	-1.241404e-01	7.364228e-02	9.252306e-02
5	rs10065580	87434708	0	465	C	A	0.233	-1.155931e-01	7.365845e-02	1.172583e-01
5	rs10514297	87435486	0	465	C	T	0.233	-1.155931e-01	7.365845e-02	1.172583e-01
5	rs71637297	87437764	0	465	T	C	0.046	-2.563891e-02	1.562927e-01	8.697679e-01
5	rs10061672	87457441	0	465	A	G	0.141	-1.373112e-01	9.037332e-02	1.293499e-01
5	rs2162713	87457822	0	465	T	C	0.138	-1.270405e-01	9.245434e-02	1.700790e-01
5	rs10067455	87457922	0	465	G	T	0.172	-3.422145e-02	7.989268e-02	6.686008e-01
5	rs919238	87458278	0	465	A	G	0.138	-1.270405e-01	9.245434e-02	1.700790e-01
5	rs4298283	87466943	0	465	C	T	0.152	-1.452070e-01	8.745782e-02	9.752941e-02
5	rs6452775	87470240	0	465	G	T	0.111	-1.131979e-01	9.987704e-02	2.576444e-01
5	rs6452776	87472212	0	465	C	T	0.171	-3.401539e-02	7.997294e-02	6.707892e-01
5	rs10074260	87476940	0	465	T	C	0.171	-3.401539e-02	7.997294e-02	6.707892e-01
5	rs6452777	87479906	0	465	A	G	0.137	-1.080443e-01	9.268643e-02	2.443369e-01
5	rs1133152	87485064	0	465	A	G	0.148	-1.443050e-01	9.074275e-02	1.124577e-01
5	rs2162714	87485145	0	465	T	C	0.155	-6.646052e-02	8.534552e-02	4.365407e-01
5	rs115512170	87486787	0	465	C	A	0.057	1.611672e-01	1.373578e-01	2.412632e-01
5	rs357511	87487318	0	465	C	T	0.138	-1.106551e-01	9.249983e-02	2.322020e-01
5	rs357508	87487967	0	465	A	C	0.132	-1.430145e-01	9.333288e-02	1.261300e-01
5	rs357507	87489270	0	465	G	A	0.156	-7.107565e-02	8.460725e-02	4.013051e-01
5	rs358294	87492891	0	465	T	C	0.155	-6.646052e-02	8.534552e-02	4.365407e-01
5	rs358288	87495504	0	465	G	A	0.154	-6.406529e-02	8.546875e-02	4.538910e-01
5	rs28505226	87497612	0	465	C	T	0.138	-2.888910e-01	9.247690e-02	1.896526e-03
5	rs357514	87501223	0	465	G	A	0.159	-8.944120e-02	8.423511e-02	2.888781e-01
5	rs357516	87503631	0	465	T	C	0.137	-1.080443e-01	9.268643e-02	2.443369e-01
5	rs357517	87504483	0	465	G	A	0.138	-1.106551e-01	9.249983e-02	2.322020e-01
5	rs115873146	87506623	0	465	A	G	0.056	-2.089935e-01	1.438883e-01	1.470484e-01
5	rs168570	87506937	0	465	G	T	0.138	-1.106551e-01	9.249983e-02	2.322020e-01
5	rs357518	87507052	0	465	G	A	0.138	-1.106551e-01	9.249983e-02	2.322020e-01
5	rs184826	87507067	0	465	C	T	0.138	-1.106551e-01	9.249983e-02	2.322020e-01
5	rs357519	87510854	0	465	C	A	0.138	-1.106551e-01	9.249983e-02	2.322020e-01
5	rs17468356	87522417	0	465	C	T	0.076	-6.720237e-02	1.212167e-01	5.795736e-01
5	rs35541151	87545044	0	465	C	T	0.046	-4.043692e-02	1.562859e-01	7.959533e-01
5	rs12163987	87572026	0	465	G	A	0.232	-1.007404e-01	7.495881e-02	1.796248e-01
5	rs12657757	87576769	0	465	C	T	0.271	-3.995875e-02	7.086336e-02	5.731057e-01
5	rs12655529	87576797	0	465	A	C	0.269	-4.099334e-02	7.119165e-02	5.650188e-01
5	rs4916897	87581588	0	465	C	A	0.272	-5.134760e-02	7.086281e-02	4.690599e-01
5	rs17481705	87582787	0	465	A	G	0.069	-6.392573e-02	1.258979e-01	6.118646e-01
5	rs76726500	87585667	0	465	G	A	0.051	-1.034696e-01	1.504155e-01	4.918655e-01
5	rs4916898	87586062	0	465	A	G	0.272	-5.864028e-02	7.120922e-02	4.106518e-01
5	rs4916899	87588026	0	465	G	A	0.273	-5.365966e-02	7.052171e-02	4.471067e-01
5	rs16903057	87588420	0	465	C	T	0.233	-1.036199e-01	7.493576e-02	1.673978e-01
5	rs34241164	87589006	0	465	G	A	0.234	-1.089841e-01	7.490567e-02	1.463604e-01
5	rs13167796	87590501	0	465	A	G	0.235	-1.080743e-01	7.447631e-02	1.474227e-01
5	rs13172095	87590947	0	465	A	G	0.272	-5.134760e-02	7.086281e-02	4.690599e-01
5	rs13177755	87592237	0	465	T	C	0.232	-1.066273e-01	7.580310e-02	1.602063e-01
5	rs12659252	87593289	0	465	A	G	0.273	-4.935717e-02	7.088194e-02	4.865721e-01
5	rs1367233	87597012	0	465	G	A	0.244	-7.445699e-02	7.449742e-02	3.180953e-01
5	rs13155030	87600719	0	465	C	A	0.047	-1.591405e-01	1.584364e-01	3.156892e-01
5	rs13159835	87601393	0	465	G	A	0.234	-1.057192e-01	7.491577e-02	1.588649e-01
5	rs4916717	87601619	0	465	A	G	0.244	-7.445699e-02	7.449742e-02	3.180953e-01
5	rs6872223	87602372	0	465	G	A	0.273	-4.935717e-02	7.088194e-02	4.865721e-01
5	rs147762489	87603572	0	465	T	C	0.239	-1.102913e-01	7.443711e-02	1.391082e-01
5	rs4382978	87604588	0	465	G	A	0.245	-7.977769e-02	7.448107e-02	2.846764e-01
5	rs12659578	87606209	0	465	C	A	0.233	-1.036199e-01	7.493576e-02	1.673978e-01
5	rs141354585	87609135	0	465	A	G	0.076	-6.720237e-02	1.212167e-01	5.795736e-01
5	rs2121102	87609356	0	465	G	A	0.268	-5.625962e-02	7.226259e-02	4.366459e-01
5	rs10942528	87609915	0	465	C	T	0.232	-1.090460e-01	7.493370e-02	1.462823e-01
5	rs60331678	87611364	0	465	A	G	0.232	-1.090460e-01	7.493370e-02	1.462823e-01
5	rs10462333	87611688	0	465	T	G	0.232	-1.090460e-01	7.493370e-02	1.462823e-01
5	rs4916718	87612642	0	465	T	C	0.271	-5.168196e-02	7.084698e-02	4.660727e-01
5	rs6872897	87618065	0	465	G	A	0.232	-1.090460e-01	7.493370e-02	1.462823e-01
5	rs16903077	87618825	0	465	A	G	0.234	-1.201639e-01	7.403586e-02	1.052592e-01
5	rs13167167	87618838	0	465	G	A	0.046	-3.108949e-02	1.562906e-01	8.424118e-01
5	rs2305104	87620670	0	465	C	T	0.243	-7.977905e-02	7.449087e-02	2.847315e-01
5	rs4916719	87623661	0	465	T	C	0.258	-5.765662e-02	7.255182e-02	4.271977e-01
5	rs11741675	87628801	0	465	G	T	0.261	-6.141125e-02	7.218785e-02	3.953677e-01
5	rs4916904	87634597	0	465	A	G	0.261	-6.141125e-02	7.218785e-02	3.953677e-01
5	rs78909929	87639971	0	465	G	A	0.272	-5.413497e-02	7.085833e-02	4.452631e-01
5	rs10462472	87642469	0	465	G	A	0.232	-1.090460e-01	7.493370e-02	1.462823e-01
5	rs71639107	87646127	0	465	G	A	0.231	-1.060854e-01	7.538589e-02	1.600295e-01
5	rs113828108	87649879	0	465	G	A	0.247	-9.329698e-02	7.362559e-02	2.057274e-01
5	rs11748762	87650585	0	465	A	G	0.087	-1.939872e-01	1.109407e-01	8.102870e-02
5	rs11748768	87650635	0	465	A	G	0.258	-6.920902e-02	7.253000e-02	3.404740e-01
5	rs11748798	87650742	0	465	T	G	0.232	-1.090460e-01	7.493370e-02	1.462823e-01
5	rs11750391	87652072	0	465	T	C	0.261	-6.141125e-02	7.218785e-02	3.953677e-01
5	rs11740836	87652128	0	465	C	T	0.232	-1.090460e-01	7.493370e-02	1.462823e-01
5	rs13154590	87653025	0	465	G	A	0.235	-1.026162e-01	7.449299e-02	1.690146e-01
5	rs72771828	87653036	0	465	G	T	0.145	1.610444e-01	8.893745e-02	7.082601e-02
5	rs62369795	87653166	0	465	A	C	0.145	1.610444e-01	8.893745e-02	7.082601e-02
5	rs2115884	87654656	0	465	G	A	0.232	-1.090460e-01	7.493370e-02	1.462823e-01
5	rs17318496	87654927	0	465	G	A	0.145	1.610444e-01	8.893745e-02	7.082601e-02
5	rs12515274	87655662	0	465	A	G	0.242	-8.303397e-02	7.448943e-02	2.655538e-01
5	rs35339529	87656101	0	465	G	A	0.261	-6.523853e-02	7.218060e-02	3.665590e-01
5	rs4916905	87658061	0	465	G	A	0.259	-7.004097e-02	7.253485e-02	3.347394e-01
5	rs4916907	87659980	0	465	G	T	0.239	-8.087021e-02	7.451866e-02	2.783826e-01
5	rs13189889	87661406	0	465	C	T	0.230	-1.208555e-01	7.492650e-02	1.074286e-01
5	rs12657776	87661593	0	465	G	A	0.242	-1.008303e-01	7.444198e-02	1.762432e-01
5	rs10514299	87663610	0	465	T	C	0.231	-1.123788e-01	7.493857e-02	1.343963e-01
