chr	rs	ps	n_mis	n_obs	allele1	allele0	af	beta	se	p_wald
5	rs78956323	85816543	0	5000	G	A	0.094	-2.135014e-02	3.403445e-02	5.304850e-01
5	rs34361574	85827975	0	5000	G	T	0.246	-2.021244e-02	2.332834e-02	3.862944e-01
5	rs1911944	85830432	0	5000	T	C	0.333	-1.472995e-02	2.114943e-02	4.861666e-01
5	rs11749261	85830796	0	5000	C	T	0.333	-1.472995e-02	2.114943e-02	4.861666e-01
5	rs4352632	85833857	0	5000	A	G	0.332	-1.462739e-02	2.114788e-02	4.891756e-01
5	rs112934562	85838601	0	5000	T	C	0.052	7.166215e-02	4.440072e-02	1.065935e-01
5	rs6452715	85839447	0	5000	G	A	0.332	-1.462739e-02	2.114788e-02	4.891756e-01
5	rs6452716	85839578	0	5000	A	G	0.332	-1.462739e-02	2.114788e-02	4.891756e-01
5	rs62376304	85886353	0	5000	T	C	0.171	-3.342375e-02	2.664439e-02	2.097413e-01
5	rs62376306	85899092	0	5000	A	G	0.172	-3.587941e-02	2.662599e-02	1.778695e-01
5	rs17476297	85910124	0	5000	G	A	0.172	-3.459284e-02	2.662338e-02	1.938871e-01
5	rs4920669	85949557	0	5000	A	G	0.063	2.551365e-02	4.119396e-02	5.357113e-01
5	rs2898540	85966342	0	5000	T	C	0.065	-1.441393e-02	4.048440e-02	7.218282e-01
5	rs79128709	85975900	0	5000	A	G	0.065	-2.090843e-02	4.069933e-02	6.074642e-01
5	rs6885407	85976245	0	5000	A	G	0.095	-1.108359e-02	3.364886e-02	7.418748e-01
5	rs10491416	85986822	0	5000	T	C	0.114	3.834125e-02	3.105201e-02	2.169842e-01
5	rs17477971	85994747	0	5000	A	G	0.367	-1.598279e-03	2.046621e-02	9.377568e-01
5	rs16902342	86002702	0	5000	G	A	0.065	-1.862768e-02	4.069955e-02	6.471967e-01
5	rs254740	86003088	0	5000	C	T	0.280	3.981609e-02	2.209019e-02	7.153749e-02
5	rs1374024	86003548	0	5000	A	G	0.361	3.427677e-03	2.064596e-02	8.681466e-01
5	rs254744	86008808	0	5000	C	T	0.278	4.044690e-02	2.211117e-02	6.742146e-02
5	rs254741	86012253	0	5000	C	A	0.292	3.500845e-02	2.176112e-02	1.077317e-01
5	rs62374176	86015174	0	5000	A	G	0.242	-1.527461e-02	2.339939e-02	5.139295e-01
5	rs17446600	86487388	0	5000	T	G	0.140	-1.017619e-01	2.881044e-02	4.159655e-04
5	rs13174379	86500273	0	5000	G	A	0.247	-8.037573e-02	2.331363e-02	5.702858e-04
5	rs62368896	86502656	0	5000	T	G	0.189	-1.112029e-01	2.564952e-02	1.483053e-05
5	rs74665360	86503644	0	5000	G	T	0.245	-8.422394e-02	2.331261e-02	3.058772e-04
5	rs6869531	86508346	0	5000	T	C	0.202	-1.156679e-01	2.491678e-02	3.535980e-06
5	rs11953892	86518243	0	5000	G	A	0.261	-8.174708e-02	2.279804e-02	3.393794e-04
5	rs55762997	86522570	0	5000	A	G	0.177	8.505185e-02	2.631715e-02	1.238098e-03
5	rs16902601	86539266	0	5000	A	G	0.237	-8.986483e-02	2.357434e-02	1.395184e-04
5	rs10942498	86540308	0	5000	C	A	0.230	-1.197929e-01	2.373802e-02	4.660321e-07
5	rs3797761	86541971	0	5000	C	T	0.240	-9.462348e-02	2.350943e-02	5.783880e-05
5	rs6878991	86543312	0	5000	C	T	0.143	-1.585433e-01	2.825809e-02	2.125505e-08
5	rs62368900	86543622	0	5000	A	G	0.129	-1.669976e-01	2.965531e-02	1.886448e-08
5	rs62368901	86545415	0	5000	G	A	0.104	-1.756950e-01	3.278297e-02	8.727876e-08
5	rs11948323	86548999	0	5000	A	G	0.175	9.211005e-02	2.631361e-02	4.684907e-04
5	rs72781788	86554030	0	5000	G	T	0.189	-1.513891e-01	2.569638e-02	4.078615e-09
5	rs7722818	86558707	0	5000	G	A	0.442	-1.676661e-01	2.017962e-02	1.233896e-16
5	rs6874962	86560187	0	5000	G	T	0.430	-1.736835e-01	2.017081e-02	9.609570e-18
5	rs7713115	86572124	0	5000	G	T	0.415	-1.878841e-01	2.030607e-02	3.174550e-20
5	rs7719891	86577352	0	5000	G	A	0.247	-9.879496e-02	2.314848e-02	2.009910e-05
5	rs388340	86584820	0	5000	G	A	0.435	-1.704737e-01	2.018007e-02	3.853192e-17
5	rs398463	86585704	0	5000	G	A	0.412	-1.870446e-01	2.032069e-02	4.930718e-20
5	rs1567348	86585874	0	5000	A	G	0.400	-1.942349e-01	2.038413e-02	2.414456e-21
5	rs56343304	86586566	0	5000	T	C	0.181	9.054979e-02	2.601877e-02	5.053720e-04
5	rs11745383	86592050	0	5000	A	G	0.385	-2.036988e-01	2.055091e-02	6.008949e-23
5	rs10054562	86593353	0	5000	G	A	0.422	-1.793427e-01	2.029545e-02	1.344793e-18
5	rs6893772	86597231	0	5000	A	G	0.397	-1.967385e-01	2.050086e-02	1.267853e-21
5	rs12659717	86599292	0	5000	C	T	0.437	-1.720541e-01	2.017686e-02	1.960661e-17
5	rs13362486	86603825	0	5000	A	C	0.399	-1.965783e-01	2.048850e-02	1.292649e-21
5	rs62368944	86604156	0	5000	C	T	0.422	-1.793117e-01	2.030384e-02	1.407545e-18
5	rs10058449	86607633	0	5000	A	G	0.407	-1.840340e-01	2.031285e-02	1.835805e-19
5	rs35148638	86610989	0	5000	C	A	0.235	-1.111527e-01	2.353652e-02	2.392642e-06
5	rs3804239	86627754	0	5000	A	G	0.182	-1.576300e-01	2.587526e-02	1.199201e-09
5	rs2271235	86628891	0	5000	A	G	0.397	-1.967299e-01	2.049087e-02	1.217488e-21
5	rs9293487	86629897	0	5000	A	G	0.385	-2.036988e-01	2.055091e-02	6.008949e-23
5	rs66507804	86630284	0	5000	C	T	0.201	-1.496702e-01	2.505835e-02	2.492433e-09
5	rs10942502	86635942	0	5000	C	A	0.404	-1.952302e-01	2.035618e-02	1.340994e-21
5	rs62368949	86638676	0	5000	A	G	0.385	-2.045775e-01	2.055160e-02	3.958770e-23
5	rs1896694	86639645	0	5000	T	G	0.385	-2.045775e-01	2.055160e-02	3.958770e-23
5	rs10071944	86647138	0	5000	T	C	0.189	-1.537243e-01	2.571292e-02	2.408592e-09
5	rs10045850	86652624	0	5000	C	T	0.406	-1.933414e-01	2.036083e-02	3.296741e-21
5	rs1973017	86653508	0	5000	T	C	0.390	-2.033822e-01	2.051924e-02	6.016562e-23
5	rs16902632	86654813	0	5000	T	C	0.385	-2.043320e-01	2.056042e-02	4.644029e-23
5	rs62368950	86656090	0	5000	T	C	0.101	-1.803250e-01	3.301168e-02	4.923230e-08
5	rs4421140	86656964	0	5000	C	T	0.213	-1.384837e-01	2.448287e-02	1.632267e-08
5	rs2923742	86663270	0	5000	C	T	0.066	-2.597018e-02	3.984537e-02	5.145769e-01
5	rs10067098	86670970	0	5000	C	T	0.440	-1.712172e-01	2.014617e-02	2.499485e-17
5	rs3827607	86677220	0	5000	A	G	0.396	-1.969799e-01	2.050781e-02	1.169081e-21
5	rs72783711	86685558	0	5000	C	A	0.202	-1.502334e-01	2.502317e-02	2.063985e-09
5	rs2230641	86695274	0	5000	G	A	0.203	-1.394469e-01	2.484650e-02	2.103801e-08
5	rs3093816	86697387	0	5000	G	A	0.406	-1.960487e-01	2.033435e-02	8.278673e-22
5	rs3093809	86699541	0	5000	G	A	0.190	-1.515402e-01	2.569203e-02	3.913327e-09
5	rs116454645	86710074	0	5000	C	A	0.104	-1.694404e-01	3.277913e-02	2.443161e-07
5	rs10065575	86714840	0	5000	A	G	0.418	-1.882635e-01	2.029384e-02	2.538575e-20
5	rs2641385	86721304	0	5000	C	A	0.067	-1.526569e-02	3.946953e-02	6.989419e-01
5	rs7702514	86727027	0	5000	T	C	0.177	-1.479376e-01	2.621150e-02	1.753100e-08
5	rs62368955	86734184	0	5000	C	A	0.205	-1.346919e-01	2.479936e-02	5.860591e-08
5	rs62368956	86735368	0	5000	A	G	0.204	-1.342541e-01	2.483641e-02	6.761753e-08
5	rs4428447	86738344	0	5000	G	A	0.178	-1.507910e-01	2.611473e-02	8.200258e-09
5	rs62367571	86749658	0	5000	G	A	0.204	-1.368540e-01	2.481526e-02	3.664990e-08
5	rs7704035	86750847	0	5000	T	C	0.190	-1.492757e-01	2.542192e-02	4.585813e-09
5	rs7728691	86767630	0	5000	A	G	0.188	-1.472944e-01	2.550512e-02	8.155912e-09
5	rs4605823	86774931	0	5000	G	T	0.188	-1.472944e-01	2.550512e-02	8.155912e-09
5	rs112755386	86779121	0	5000	A	G	0.087	-2.005720e-01	3.518794e-02	1.266640e-08
5	rs34734977	86803812	0	5000	T	C	0.188	-1.214903e-01	2.549455e-02	1.938766e-06
5	rs13357535	87405162	0	5000	A	G	0.175	-5.762718e-02	2.657237e-02	3.015341e-02
5	rs12187018	87412600	0	5000	A	G	0.056	2.036478e-02	4.289350e-02	6.349678e-01
5	rs56270757	87415955	0	5000	T	C	0.113	6.464706e-02	3.142900e-02	3.974533e-02
5	rs10040137	87421345	0	5000	A	G	0.175	-5.762718e-02	2.657237e-02	3.015341e-02
5	rs72770076	87423413	0	5000	T	C	0.104	7.084414e-02	3.263015e-02	2.996858e-02
5	rs17286052	87430302	0	5000	G	A	0.139	-2.227858e-02	2.901926e-02	4.426917e-01
5	rs10214259	87430946	0	5000	A	G	0.173	-5.375886e-02	2.663576e-02	4.361374e-02
5	rs13180638	87432646	0	5000	A	G	0.052	-2.934102e-02	4.588176e-02	5.225322e-01
5	rs1816739	87434054	0	5000	G	A	0.173	-5.343114e-02	2.663880e-02	4.493523e-02
5	rs10065580	87434708	0	5000	C	A	0.173	-5.343114e-02	2.663880e-02	4.493523e-02
5	rs10514297	87435486	0	5000	C	T	0.173	-5.343114e-02	2.663880e-02	4.493523e-02
5	rs71637297	87437764	0	5000	T	C	0.053	-3.210094e-02	4.569196e-02	4.823682e-01
5	rs10061672	87457441	0	5000	A	G	0.123	-3.897415e-04	3.008664e-02	9.896650e-01
5	rs2162713	87457822	0	5000	T	C	0.123	-3.897415e-04	3.008664e-02	9.896650e-01
5	rs10067455	87457922	0	5000	G	T	0.123	-1.910959e-04	3.007974e-02	9.949313e-01
5	rs919238	87458278	0	5000	A	G	0.123	-3.897415e-04	3.008664e-02	9.896650e-01
5	rs4298283	87466943	0	5000	C	T	0.123	-3.897415e-04	3.008664e-02	9.896650e-01
5	rs6452775	87470240	0	5000	G	T	0.105	-2.908211e-02	3.245346e-02	3.702332e-01
5	rs6452776	87472212	0	5000	C	T	0.123	-1.910959e-04	3.007974e-02	9.949313e-01
5	rs10074260	87476940	0	5000	T	C	0.123	-1.910959e-04	3.007974e-02	9.949313e-01
5	rs6452777	87479906	0	5000	A	G	0.123	-3.897415e-04	3.008664e-02	9.896650e-01
5	rs1133152	87485064	0	5000	A	G	0.123	-3.897415e-04	3.008664e-02	9.896650e-01
5	rs2162714	87485145	0	5000	T	C	0.123	-1.910959e-04	3.007974e-02	9.949313e-01
5	rs115512170	87486787	0	5000	C	A	0.055	-1.274649e-01	4.337886e-02	3.314084e-03
5	rs357511	87487318	0	5000	C	T	0.123	-3.897415e-04	3.008664e-02	9.896650e-01
5	rs357508	87487967	0	5000	A	C	0.115	1.380067e-02	3.107848e-02	6.570193e-01
5	rs357507	87489270	0	5000	G	A	0.123	-1.910959e-04	3.007974e-02	9.949313e-01
5	rs358294	87492891	0	5000	T	C	0.123	-1.910959e-04	3.007974e-02	9.949313e-01
5	rs358288	87495504	0	5000	G	A	0.124	-6.268679e-04	3.006598e-02	9.833664e-01
5	rs28505226	87497612	0	5000	C	T	0.170	-4.431138e-02	2.679817e-02	9.828727e-02
5	rs357514	87501223	0	5000	G	A	0.123	-1.910959e-04	3.007974e-02	9.949313e-01
5	rs357516	87503631	0	5000	T	C	0.123	-3.897415e-04	3.008664e-02	9.896650e-01
5	rs357517	87504483	0	5000	G	A	0.123	-3.897415e-04	3.008664e-02	9.896650e-01
5	rs115873146	87506623	0	5000	A	G	0.070	-9.278014e-03	3.958187e-02	8.146836e-01
5	rs168570	87506937	0	5000	G	T	0.123	-8.255308e-04	3.007286e-02	9.781011e-01
5	rs357518	87507052	0	5000	G	A	0.123	-8.255308e-04	3.007286e-02	9.781011e-01
5	rs184826	87507067	0	5000	C	T	0.123	-8.255308e-04	3.007286e-02	9.781011e-01
5	rs357519	87510854	0	5000	C	A	0.123	1.898863e-04	3.007974e-02	9.949634e-01
5	rs17468356	87522417	0	5000	C	T	0.101	4.923201e-02	3.307340e-02	1.366642e-01
5	rs35541151	87545044	0	5000	C	T	0.053	-2.076626e-02	4.548380e-02	6.480044e-01
5	rs12163987	87572026	0	5000	G	A	0.247	2.999729e-02	2.297722e-02	1.917748e-01
5	rs12657757	87576769	0	5000	C	T	0.250	2.311960e-02	2.283362e-02	3.113362e-01
5	rs12655529	87576797	0	5000	A	C	0.250	2.311960e-02	2.283362e-02	3.113362e-01
5	rs4916897	87581588	0	5000	C	A	0.250	2.311960e-02	2.283362e-02	3.113362e-01
5	rs17481705	87582787	0	5000	A	G	0.055	-1.942366e-02	4.374218e-02	6.570266e-01
5	rs76726500	87585667	0	5000	G	A	0.061	8.114700e-02	4.178033e-02	5.216539e-02
5	rs4916898	87586062	0	5000	A	G	0.250	2.311960e-02	2.283362e-02	3.113362e-01
5	rs4916899	87588026	0	5000	G	A	0.250	2.311960e-02	2.283362e-02	3.113362e-01
5	rs16903057	87588420	0	5000	C	T	0.247	2.999729e-02	2.297722e-02	1.917748e-01
5	rs34241164	87589006	0	5000	G	A	0.247	2.999729e-02	2.297722e-02	1.917748e-01
5	rs13167796	87590501	0	5000	A	G	0.247	2.999729e-02	2.297722e-02	1.917748e-01
5	rs13172095	87590947	0	5000	A	G	0.250	2.311960e-02	2.283362e-02	3.113362e-01
5	rs13177755	87592237	0	5000	T	C	0.247	2.999729e-02	2.297722e-02	1.917748e-01
5	rs12659252	87593289	0	5000	A	G	0.250	2.311960e-02	2.283362e-02	3.113362e-01
5	rs1367233	87597012	0	5000	G	A	0.250	2.311960e-02	2.283362e-02	3.113362e-01
5	rs13155030	87600719	0	5000	C	A	0.064	3.569619e-02	4.042085e-02	3.772175e-01
5	rs13159835	87601393	0	5000	G	A	0.247	2.999729e-02	2.297722e-02	1.917748e-01
5	rs4916717	87601619	0	5000	A	G	0.250	2.311960e-02	2.283362e-02	3.113362e-01
5	rs6872223	87602372	0	5000	G	A	0.250	2.311960e-02	2.283362e-02	3.113362e-01
5	rs147762489	87603572	0	5000	T	C	0.247	2.999729e-02	2.297722e-02	1.917748e-01
5	rs4382978	87604588	0	5000	G	A	0.250	2.311960e-02	2.283362e-02	3.113362e-01
5	rs12659578	87606209	0	5000	C	A	0.247	2.999729e-02	2.297722e-02	1.917748e-01
5	rs141354585	87609135	0	5000	A	G	0.101	5.494838e-02	3.309321e-02	9.689426e-02
5	rs2121102	87609356	0	5000	G	A	0.250	2.303698e-02	2.283363e-02	3.130686e-01
5	rs10942528	87609915	0	5000	C	T	0.247	2.999729e-02	2.297722e-02	1.917748e-01
5	rs60331678	87611364	0	5000	A	G	0.247	2.999729e-02	2.297722e-02	1.917748e-01
5	rs10462333	87611688	0	5000	T	G	0.247	2.999729e-02	2.297722e-02	1.917748e-01
5	rs4916718	87612642	0	5000	T	C	0.250	2.311960e-02	2.283362e-02	3.113362e-01
5	rs6872897	87618065	0	5000	G	A	0.247	2.999729e-02	2.297722e-02	1.917748e-01
5	rs16903077	87618825	0	5000	A	G	0.247	2.999729e-02	2.297722e-02	1.917748e-01
5	rs13167167	87618838	0	5000	G	A	0.055	-1.699490e-02	4.479796e-02	7.044310e-01
5	rs2305104	87620670	0	5000	C	T	0.250	2.311960e-02	2.283362e-02	3.113362e-01
5	rs4916719	87623661	0	5000	T	C	0.250	2.311960e-02	2.283362e-02	3.113362e-01
5	rs11741675	87628801	0	5000	G	T	0.250	2.311960e-02	2.283362e-02	3.113362e-01
5	rs4916904	87634597	0	5000	A	G	0.250	2.311960e-02	2.283362e-02	3.113362e-01
5	rs78909929	87639971	0	5000	G	A	0.250	2.311960e-02	2.283362e-02	3.113362e-01
5	rs10462472	87642469	0	5000	G	A	0.247	2.999729e-02	2.297722e-02	1.917748e-01
5	rs71639107	87646127	0	5000	G	A	0.247	2.999729e-02	2.297722e-02	1.917748e-01
5	rs113828108	87649879	0	5000	G	A	0.250	2.311960e-02	2.283362e-02	3.113362e-01
5	rs11748762	87650585	0	5000	A	G	0.082	-2.256230e-02	3.628750e-02	5.341246e-01
5	rs11748768	87650635	0	5000	A	G	0.250	2.311960e-02	2.283362e-02	3.113362e-01
5	rs11748798	87650742	0	5000	T	G	0.248	3.071060e-02	2.297672e-02	1.814152e-01
5	rs11750391	87652072	0	5000	T	C	0.250	2.311960e-02	2.283362e-02	3.113362e-01
5	rs11740836	87652128	0	5000	C	T	0.247	2.999729e-02	2.297722e-02	1.917748e-01
5	rs13154590	87653025	0	5000	G	A	0.247	2.999729e-02	2.297722e-02	1.917748e-01
5	rs72771828	87653036	0	5000	G	T	0.220	5.506415e-02	2.413348e-02	2.255186e-02
5	rs62369795	87653166	0	5000	A	C	0.220	5.608447e-02	2.413215e-02	2.016240e-02
5	rs2115884	87654656	0	5000	G	A	0.247	2.999729e-02	2.297722e-02	1.917748e-01
5	rs17318496	87654927	0	5000	G	A	0.220	5.579838e-02	2.411399e-02	2.071128e-02
5	rs12515274	87655662	0	5000	A	G	0.250	2.311960e-02	2.283362e-02	3.113362e-01
5	rs35339529	87656101	0	5000	G	A	0.250	2.311960e-02	2.283362e-02	3.113362e-01
5	rs4916905	87658061	0	5000	G	A	0.249	2.373601e-02	2.286933e-02	2.993682e-01
5	rs4916907	87659980	0	5000	G	T	0.250	2.136174e-02	2.285782e-02	3.500662e-01
5	rs13189889	87661406	0	5000	C	T	0.246	3.064503e-02	2.301417e-02	1.830614e-01
5	rs12657776	87661593	0	5000	G	A	0.249	2.373601e-02	2.286933e-02	2.993682e-01
5	rs10514299	87663610	0	5000	T	C	0.246	3.064503e-02	2.301417e-02	1.830614e-01
