CHR	POS	MarkerID	Allele1	Allele2	AC_Allele2	AF_Allele2	MissingRate	BETA	SE	Tstat	var	p.value	N
5	85816543	rs78956323	A	G	124	0.133333	0	-0.0612233	0.0973105	-6.46543	105.604	5.292481E-01	465
5	85827975	rs34361574	T	G	182	0.195699	0	-0.0977067	0.0806498	-15.0216	153.742	2.257064E-01	465
5	85830432	rs1911944	C	T	341	0.366667	0	0.0189923	0.0647595	4.52868	238.448	7.693122E-01	465
5	85830796	rs11749261	T	C	341	0.366667	0	0.0189923	0.0647595	4.52868	238.448	7.693122E-01	465
5	85833857	rs4352632	G	A	345	0.370968	0	0.0217335	0.0642065	5.27197	242.573	7.349908E-01	465
5	85838601	rs112934562	C	T	35	0.0376344	0	-0.199572	0.165299	-7.30397	36.5981	2.273012E-01	465
5	85839447	rs6452715	A	G	345	0.370968	0	0.0217335	0.0642065	5.27197	242.573	7.349908E-01	465
5	85839578	rs6452716	G	A	345	0.370968	0	0.0217335	0.0642065	5.27197	242.573	7.349908E-01	465
5	85886353	rs62376304	C	T	123	0.132258	0	-0.110548	0.093171	-12.7347	115.196	2.354218E-01	465
5	85899092	rs62376306	G	A	122	0.131183	0	-0.118014	0.0941941	-13.301	112.707	2.102491E-01	465
5	85910124	rs17476297	A	G	128	0.137634	0	-0.120582	0.0930487	-13.9272	115.499	1.950084E-01	465
5	85949557	rs4920669	G	A	84	0.0903226	0	-0.0795215	0.10953	-6.62854	83.3553	4.678240E-01	465
5	85966342	rs2898540	C	T	92	0.0989247	0	-0.0427951	0.106384	-3.78134	88.3591	6.874839E-01	465
5	85975900	rs79128709	G	A	63	0.0677419	0	0.0201291	0.128193	1.22488	60.851	8.752280E-01	465
5	85976245	rs6885407	G	A	126	0.135484	0	-0.0537032	0.095982	-5.82936	108.548	5.758114E-01	465
5	85986822	rs10491416	C	T	81	0.0870968	0	-0.126252	0.113679	-9.76964	77.3819	2.667392E-01	465
5	85994747	rs17477971	G	A	352	0.378495	0	-0.129722	0.0678973	-28.139	216.918	5.606060E-02	465
5	86002702	rs16902342	A	G	53	0.0569892	0	0.0565329	0.136976	3.01307	53.2977	6.798118E-01	465
5	86003088	rs254740	T	C	223	0.239785	0	0.0557061	0.074287	10.0943	181.207	4.533283E-01	465
5	86003548	rs1374024	G	A	349	0.375269	0	-0.132874	0.0673492	-29.2938	220.463	4.850563E-02	465
5	86008808	rs254744	T	C	220	0.236559	0	0.0306822	0.0743163	5.55544	181.064	6.797096E-01	465
5	86012253	rs254741	A	C	229	0.246237	0	0.0494768	0.0734418	9.17307	185.401	5.005104E-01	465
5	86015174	rs62374176	G	A	211	0.226882	0	-0.0469806	0.0766204	-8.00258	170.338	5.397699E-01	465
5	86487388	rs17446600	G	T	76	0.0817204	0	-0.558687	0.114661	-42.4946	76.0616	1.101997E-06	465
5	86500273	rs13174379	A	G	203	0.21828	0	-0.200851	0.0759232	-34.8438	173.48	8.158207E-03	465
5	86502656	rs62368896	G	T	165	0.177419	0	-0.267332	0.0829383	-38.8634	145.375	1.267370E-03	465
5	86503644	rs74665360	T	G	202	0.217204	0	-0.191382	0.0763965	-32.7909	171.338	1.224128E-02	465
5	86508346	rs6869531	C	T	252	0.270968	0	-0.0815126	0.0709426	-16.1961	198.694	2.505585E-01	465
5	86518243	rs11953892	A	G	296	0.31828	0	-0.0827484	0.0688562	-17.4532	210.918	2.294574E-01	465
5	86522570	rs55762997	G	A	138	0.148387	0	0.0797467	0.0945946	8.9121	111.755	3.992079E-01	465
5	86539266	rs16902601	G	A	201	0.216129	0	-0.216014	0.0764264	-36.9823	171.204	4.707073E-03	465
5	86540308	rs10942498	A	C	261	0.280645	0	-0.132383	0.0703972	-26.7129	201.785	6.003771E-02	465
5	86541971	rs3797761	T	C	204	0.219355	0	-0.213898	0.0772511	-35.8424	167.568	5.625212E-03	465
5	86543312	rs6878991	T	C	178	0.191398	0	-0.077361	0.0814273	-11.6676	150.82	3.420805E-01	465
5	86543622	rs62368900	G	A	118	0.126882	0	-0.23123	0.0958941	-25.1455	108.747	1.589535E-02	465
5	86545415	rs62368901	A	G	91	0.0978495	0	-0.201724	0.107999	-17.295	85.736	6.178478E-02	465
5	86548999	rs11948323	G	A	143	0.153763	0	0.116192	0.0929443	13.4503	115.759	2.112537E-01	465
5	86554030	rs72781788	T	G	115	0.123656	0	-0.70313	0.0948023	-78.2344	111.266	1.199843E-13	465
5	86558707	rs7722818	A	G	408	0.43871	0	-0.476855	0.0660141	-109.424	229.471	5.065557E-13	465
5	86560187	rs6874962	T	G	350	0.376344	0	-0.563724	0.0665198	-127.399	225.995	2.360247E-17	465
5	86572124	rs7713115	T	G	387	0.416129	0	-0.503441	0.0653155	-118.009	234.405	1.279695E-14	465
5	86577352	rs7719891	A	G	262	0.28172	0	-0.124885	0.0711327	-24.6816	197.634	7.914515E-02	465
5	86584820	rs388340	A	G	406	0.436559	0	-0.487268	0.065513	-113.53	232.994	1.024364E-13	465
5	86585704	rs398463	A	G	388	0.417204	0	-0.514077	0.0651294	-121.192	235.747	2.946118E-15	465
5	86585874	rs1567348	G	A	328	0.352688	0	-0.607154	0.0665083	-137.261	226.073	6.914230E-20	465
5	86586566	rs56343304	C	T	135	0.145161	0	0.0837773	0.096005	9.08947	108.496	3.828623E-01	465
5	86592050	rs11745383	G	A	313	0.336559	0	-0.641069	0.0674645	-140.849	219.71	2.052846E-21	465
5	86593353	rs10054562	A	G	391	0.42043	0	-0.507477	0.0656964	-117.58	231.695	1.122178E-14	465
5	86597231	rs6893772	G	A	374	0.402151	0	-0.534382	0.0658441	-123.259	230.657	4.823491E-16	465
5	86599292	rs12659717	T	C	406	0.436559	0	-0.485058	0.0652319	-113.992	235.007	1.038513E-13	465
5	86603825	rs13362486	C	A	379	0.407527	0	-0.509742	0.0657148	-118.039	231.566	8.703739E-15	465
5	86604156	rs62368944	T	C	395	0.424731	0	-0.486746	0.0658052	-112.404	230.929	1.395462E-13	465
5	86607633	rs10058449	G	A	330	0.354839	0	-0.594463	0.0666316	-133.895	225.237	4.594448E-19	465
5	86610989	rs35148638	A	C	210	0.225806	0	-0.232859	0.0757514	-40.5799	174.268	2.112210E-03	465
5	86627754	rs3804239	G	A	167	0.17957	0	-0.308633	0.0845419	-43.1816	139.912	2.615775E-04	465
5	86628891	rs2271235	G	A	371	0.398925	0	-0.536597	0.065872	-123.665	230.462	3.759679E-16	465
5	86629897	rs9293487	G	A	315	0.33871	0	-0.638422	0.0672647	-141.102	221.017	2.284155E-21	465
5	86630284	rs66507804	T	C	147	0.158065	0	-0.711641	0.0859426	-96.3485	135.389	1.227295E-16	465
5	86635942	rs10942502	A	C	332	0.356989	0	-0.601101	0.0664606	-136.088	226.397	1.504011E-19	465
5	86638676	rs62368949	G	A	315	0.33871	0	-0.638422	0.0672647	-141.102	221.017	2.284155E-21	465
5	86639645	rs1896694	G	T	318	0.341935	0	-0.621274	0.0674313	-136.634	219.926	3.158413E-20	465
5	86647138	rs10071944	C	T	140	0.150538	0	-0.691974	0.0874775	-90.4269	130.68	2.567439E-15	465
5	86652624	rs10045850	T	C	343	0.368817	0	-0.575552	0.0663087	-130.901	227.436	3.961263E-18	465
5	86653508	rs1973017	C	T	329	0.353763	0	-0.602525	0.0674785	-132.326	219.619	4.293008E-19	465
5	86654813	rs16902632	C	T	315	0.33871	0	-0.638422	0.0672647	-141.102	221.017	2.284155E-21	465
5	86656090	rs62368950	C	T	98	0.105376	0	-0.160478	0.104297	-14.7527	91.9302	1.238866E-01	465
5	86656964	rs4421140	T	C	190	0.204301	0	-0.28242	0.0792111	-45.0115	159.378	3.632853E-04	465
5	86663270	rs2923742	T	C	63	0.0677419	0	0.693726	0.130368	40.8176	58.8383	1.030275E-07	465
5	86670970	rs10067098	T	C	414	0.445161	0	-0.441654	0.0646949	-105.522	238.924	8.687297E-12	465
5	86677220	rs3827607	G	A	374	0.402151	0	-0.531735	0.0655587	-123.719	232.669	5.027677E-16	465
5	86685558	rs72783711	A	C	127	0.136559	0	-0.688537	0.0908779	-83.3703	121.083	3.549685E-14	465
5	86695274	rs2230641	A	G	184	0.197849	0	-0.264493	0.0816102	-39.7124	150.145	1.191378E-03	465
5	86697387	rs3093816	A	G	340	0.365591	0	-0.609147	0.0666925	-136.952	224.826	6.621245E-20	465
5	86699541	rs3093809	A	G	114	0.122581	0	-0.683452	0.0941688	-77.0715	112.768	3.936333E-13	465
5	86710074	rs116454645	A	C	93	0.1	0	-0.195479	0.106021	-17.3908	88.9651	6.521481E-02	465
5	86714840	rs10065575	G	A	412	0.443011	0	-0.467738	0.0642162	-113.426	242.5	3.245336E-13	465
5	86721304	rs2641385	A	C	63	0.0677419	0	0.693726	0.130368	40.8176	58.8383	1.030275E-07	465
5	86727027	rs7702514	C	T	106	0.113978	0	-0.678877	0.0987789	-69.5765	102.488	6.300124E-12	465
5	86734184	rs62368955	A	C	187	0.201075	0	-0.247451	0.0803787	-38.3006	154.781	2.080055E-03	465
5	86735368	rs62368956	G	A	186	0.2	0	-0.249077	0.0804305	-38.5027	154.582	1.956267E-03	465
5	86738344	rs4428447	A	G	108	0.116129	0	-0.677748	0.0982595	-70.1971	103.574	5.291540E-12	465
5	86749658	rs62367571	A	G	189	0.203226	0	-0.226438	0.0802789	-35.1355	155.166	4.792782E-03	465
5	86750847	rs7704035	C	T	121	0.130108	0	-0.681618	0.0943956	-76.4958	112.227	5.165744E-13	465
5	86767630	rs7728691	G	A	133	0.143011	0	-0.684745	0.092172	-80.5992	117.707	1.094267E-13	465
5	86774931	rs4605823	T	G	134	0.144086	0	-0.669108	0.0920047	-79.0453	118.135	3.527867E-13	465
5	86779121	rs112755386	G	A	51	0.0548387	0	-0.78676	0.13903	-40.7031	51.7351	1.523125E-08	465
5	86803812	rs34734977	C	T	128	0.137634	0	-0.626292	0.0938702	-71.0756	113.486	2.525357E-11	465
5	87405162	rs13357535	G	A	218	0.234409	0	-0.0938588	0.0739302	-17.1724	182.96	2.042415E-01	465
5	87412600	rs12187018	G	A	58	0.0623656	0	0.0127956	0.132304	0.730993	57.1285	9.229540E-01	465
5	87415955	rs56270757	C	T	54	0.0580645	0	0.226244	0.141355	11.3228	50.0469	1.094789E-01	465
5	87421345	rs10040137	G	A	215	0.231183	0	-0.0859721	0.074383	-15.5385	180.739	2.477616E-01	465
5	87423413	rs72770076	C	T	51	0.0548387	0	0.177024	0.144776	8.44574	47.7095	2.214268E-01	465
5	87430302	rs17286052	A	G	112	0.12043	0	-0.317555	0.0982082	-32.9248	103.682	1.222900E-03	465
5	87430946	rs10214259	G	A	217	0.233333	0	-0.111693	0.0731428	-20.8778	186.921	1.267468E-01	465
5	87432646	rs13180638	G	A	42	0.0451613	0	-0.031557	0.157206	-1.27691	40.4635	8.409040E-01	465
5	87434054	rs1816739	A	G	216	0.232258	0	-0.120205	0.0735535	-22.2185	184.839	1.022068E-01	465
5	87434708	rs10065580	A	C	217	0.233333	0	-0.111756	0.0735398	-20.6646	184.908	1.285944E-01	465
5	87435486	rs10514297	T	C	217	0.233333	0	-0.111756	0.0735398	-20.6646	184.908	1.285944E-01	465
5	87437764	rs71637297	C	T	43	0.0462366	0	-0.0326381	0.155632	-1.34749	41.2859	8.338918E-01	465
5	87457441	rs10061672	G	A	131	0.14086	0	-0.144542	0.0902128	-17.7607	122.875	1.091026E-01	465
5	87457822	rs2162713	C	T	128	0.137634	0	-0.134892	0.0922484	-15.8514	117.512	1.436673E-01	465
5	87457922	rs10067455	T	G	160	0.172043	0	-0.0404969	0.0795684	-6.39647	157.95	6.107823E-01	465
5	87458278	rs919238	G	A	128	0.137634	0	-0.134892	0.0922484	-15.8514	117.512	1.436673E-01	465
5	87466943	rs4298283	T	C	141	0.151613	0	-0.153341	0.0873445	-20.0996	131.078	7.915860E-02	465
5	87470240	rs6452775	T	G	103	0.110753	0	-0.119594	0.0995898	-12.0581	100.825	2.298028E-01	465
5	87472212	rs6452776	T	C	159	0.170968	0	-0.0410222	0.0796481	-6.46648	157.634	6.065227E-01	465
5	87476940	rs10074260	C	T	159	0.170968	0	-0.0410222	0.0796481	-6.46648	157.634	6.065227E-01	465
5	87479906	rs6452777	G	A	127	0.136559	0	-0.113487	0.0924273	-13.2845	117.058	2.195031E-01	465
5	87485064	rs1133152	G	A	138	0.148387	0	-0.148486	0.090603	-18.0884	121.819	1.012417E-01	465
5	87485145	rs2162714	C	T	144	0.154839	0	-0.0715332	0.0850379	-9.89196	138.285	4.002403E-01	465
5	87486787	rs115512170	A	C	53	0.0569892	0	0.160299	0.136976	8.54358	53.2977	2.418925E-01	465
5	87487318	rs357511	T	C	128	0.137634	0	-0.116064	0.0922484	-13.6389	117.512	2.083317E-01	465
5	87487967	rs357508	C	A	123	0.132258	0	-0.148767	0.093171	-17.1373	115.196	1.103317E-01	465
5	87489270	rs357507	A	G	145	0.155914	0	-0.0756245	0.0843114	-10.6387	140.679	3.697365E-01	465
5	87492891	rs358294	C	T	144	0.154839	0	-0.0715332	0.0850379	-9.89196	138.285	4.002403E-01	465
5	87495504	rs358288	A	G	143	0.153763	0	-0.0691631	0.0851566	-9.53757	137.9	4.166841E-01	465
5	87497612	rs28505226	T	C	128	0.137634	0	-0.287809	0.0930487	-33.2417	115.499	1.980763E-03	465
5	87501223	rs357514	A	G	148	0.15914	0	-0.0927891	0.0839787	-13.1571	141.795	2.691976E-01	465
5	87503631	rs357516	C	T	127	0.136559	0	-0.113487	0.0924273	-13.2845	117.058	2.195031E-01	465
5	87504483	rs357517	A	G	128	0.137634	0	-0.116064	0.0922484	-13.6389	117.512	2.083317E-01	465
5	87506623	rs115873146	G	A	52	0.055914	0	-0.209571	0.143602	-10.1627	48.493	1.444588E-01	465
5	87506937	rs168570	T	G	128	0.137634	0	-0.116064	0.0922484	-13.6389	117.512	2.083317E-01	465
5	87507052	rs357518	A	G	128	0.137634	0	-0.116064	0.0922484	-13.6389	117.512	2.083317E-01	465
5	87507067	rs184826	T	C	128	0.137634	0	-0.116064	0.0922484	-13.6389	117.512	2.083317E-01	465
5	87510854	rs357519	A	C	128	0.137634	0	-0.116064	0.0922484	-13.6389	117.512	2.083317E-01	465
5	87522417	rs17468356	T	C	71	0.0763441	0	-0.0648475	0.120741	-4.4482	68.5949	5.912124E-01	465
5	87545044	rs35541151	T	C	43	0.0462366	0	-0.0439056	0.155632	-1.81268	41.2859	7.778581E-01	465
5	87572026	rs12163987	A	G	216	0.232258	0	-0.104527	0.0747852	-18.6895	178.8	1.622027E-01	465
5	87576769	rs12657757	T	C	252	0.270968	0	-0.041953	0.070586	-8.42028	200.707	5.522756E-01	465
5	87576797	rs12655529	C	A	250	0.268817	0	-0.0432581	0.070914	-8.60207	198.855	5.418567E-01	465
5	87581588	rs4916897	A	C	253	0.272043	0	-0.0547661	0.0706012	-10.9872	200.621	4.379196E-01	465
5	87582787	rs17481705	G	A	64	0.0688172	0	-0.0731829	0.125397	-4.65409	63.5954	5.594830E-01	465
5	87585667	rs76726500	A	G	47	0.0505376	0	-0.101171	0.149852	-4.50537	44.5323	4.995881E-01	465
5	87586062	rs4916898	G	A	253	0.272043	0	-0.0619501	0.0709581	-12.3038	198.608	3.826350E-01	465
5	87588026	rs4916899	A	G	254	0.273118	0	-0.0568829	0.0702655	-11.5212	202.542	4.182030E-01	465
5	87588420	rs16903057	T	C	217	0.233333	0	-0.107265	0.0747708	-19.1864	178.87	1.514061E-01	465
5	87589006	rs34241164	A	G	218	0.234409	0	-0.112157	0.0747572	-20.0687	178.934	1.335415E-01	465
5	87590501	rs13167796	G	A	219	0.235484	0	-0.111052	0.0743278	-20.1013	181.008	1.351537E-01	465
5	87590947	rs13172095	G	A	253	0.272043	0	-0.0547661	0.0706012	-10.9872	200.621	4.379196E-01	465
5	87592237	rs13177755	C	T	216	0.232258	0	-0.109866	0.0756416	-19.2018	174.775	1.463760E-01	465
5	87593289	rs12659252	G	A	254	0.273118	0	-0.052879	0.0706172	-10.6038	200.53	4.539706E-01	465
5	87597012	rs1367233	A	G	227	0.244086	0	-0.0774963	0.0742604	-14.0529	181.337	2.966816E-01	465
5	87600719	rs13155030	A	C	44	0.0473118	0	-0.154386	0.157934	-6.18954	40.0912	3.283026E-01	465
5	87601393	rs13159835	A	G	218	0.234409	0	-0.109304	0.0747572	-19.5582	178.934	1.437099E-01	465
5	87601619	rs4916717	G	A	227	0.244086	0	-0.0774963	0.0742604	-14.0529	181.337	2.966816E-01	465
5	87602372	rs6872223	A	G	254	0.273118	0	-0.052879	0.0706172	-10.6038	200.53	4.539706E-01	465
5	87603572	rs147762489	C	T	222	0.23871	0	-0.113771	0.0742958	-20.6112	181.164	1.256888E-01	465
5	87604588	rs4382978	A	G	228	0.245161	0	-0.0823521	0.0742559	-14.9352	181.358	2.674170E-01	465
5	87606209	rs12659578	A	C	217	0.233333	0	-0.107265	0.0747708	-19.1864	178.87	1.514061E-01	465
5	87609135	rs141354585	G	A	71	0.0763441	0	-0.0648475	0.120741	-4.4482	68.5949	5.912124E-01	465
5	87609356	rs2121102	A	G	249	0.267742	0	-0.0592955	0.0720021	-11.4375	192.89	4.102097E-01	465
5	87609915	rs10942528	T	C	216	0.232258	0	-0.112561	0.0747852	-20.1259	178.8	1.322926E-01	465
5	87611364	rs60331678	G	A	216	0.232258	0	-0.112561	0.0747852	-20.1259	178.8	1.322926E-01	465
5	87611688	rs10462333	G	T	216	0.232258	0	-0.112561	0.0747852	-20.1259	178.8	1.322926E-01	465
5	87612642	rs4916718	C	T	252	0.270968	0	-0.0558153	0.070586	-11.2025	200.707	4.290949E-01	465
5	87618065	rs6872897	A	G	216	0.232258	0	-0.112561	0.0747852	-20.1259	178.8	1.322926E-01	465
5	87618825	rs16903077	G	A	218	0.234409	0	-0.123103	0.0739302	-22.523	182.96	9.588727E-02	465
5	87618838	rs13167167	A	G	43	0.0462366	0	-0.0360446	0.155632	-1.48813	41.2859	8.168478E-01	465
5	87620670	rs2305104	T	C	226	0.243011	0	-0.0826892	0.0742657	-14.9925	181.311	2.655262E-01	465
5	87623661	rs4916719	C	T	240	0.258065	0	-0.0610361	0.0722923	-11.6789	191.344	3.985038E-01	465
5	87628801	rs11741675	T	G	243	0.26129	0	-0.0640624	0.0719368	-12.3794	193.24	3.731774E-01	465
5	87634597	rs4916904	G	A	243	0.26129	0	-0.0640624	0.0719368	-12.3794	193.24	3.731774E-01	465
5	87639971	rs78909929	A	G	253	0.272043	0	-0.0575381	0.0706012	-11.5433	200.621	4.150877E-01	465
5	87642469	rs10462472	A	G	216	0.232258	0	-0.112561	0.0747852	-20.1259	178.8	1.322926E-01	465
5	87646127	rs71639107	A	G	215	0.231183	0	-0.109033	0.0752254	-19.2677	176.714	1.472195E-01	465
5	87649879	rs113828108	A	G	230	0.247312	0	-0.0957614	0.0734393	-17.7555	185.414	1.922494E-01	465
5	87650585	rs11748762	G	A	81	0.0870968	0	-0.207676	0.110833	-16.9064	81.4074	6.096116E-02	465
5	87650635	rs11748768	G	A	240	0.258065	0	-0.0720538	0.0722923	-13.7871	191.344	3.189100E-01	465
5	87650742	rs11748798	G	T	216	0.232258	0	-0.112561	0.0747852	-20.1259	178.8	1.322926E-01	465
5	87652072	rs11750391	C	T	243	0.26129	0	-0.0640624	0.0719368	-12.3794	193.24	3.731774E-01	465
5	87652128	rs11740836	T	C	216	0.232258	0	-0.112561	0.0747852	-20.1259	178.8	1.322926E-01	465
5	87653025	rs13154590	A	G	219	0.235484	0	-0.106268	0.0743278	-19.2353	181.008	1.527975E-01	465
5	87653036	rs72771828	T	G	135	0.145161	0	0.160921	0.088872	20.3743	126.611	7.018654E-02	465
5	87653166	rs62369795	C	A	135	0.145161	0	0.160921	0.088872	20.3743	126.611	7.018654E-02	465
5	87654656	rs2115884	A	G	216	0.232258	0	-0.112561	0.0747852	-20.1259	178.8	1.322926E-01	465
5	87654927	rs17318496	A	G	135	0.145161	0	0.160921	0.088872	20.3743	126.611	7.018654E-02	465
5	87655662	rs12515274	G	A	225	0.241935	0	-0.0861431	0.0742719	-15.6161	181.281	2.461161E-01	465
5	87656101	rs35339529	A	G	243	0.26129	0	-0.0679936	0.0719368	-13.1391	193.24	3.445645E-01	465
5	87658061	rs4916905	A	G	241	0.25914	0	-0.0727925	0.0722988	-13.9259	191.31	3.140172E-01	465
5	87659980	rs4916907	T	G	222	0.23871	0	-0.0839454	0.0742958	-15.2079	181.164	2.585268E-01	465
5	87661406	rs13189889	T	C	214	0.230108	0	-0.124465	0.0748169	-22.2356	178.649	9.619282E-02	465
5	87661593	rs12657776	A	G	225	0.241935	0	-0.105394	0.0742719	-19.1059	181.281	1.558905E-01	465
5	87663610	rs10514299	C	T	215	0.231183	0	-0.116097	0.0748006	-20.7495	178.727	1.206433E-01	465
