CHR	POS	MarkerID	Allele1	Allele2	AC_Allele2	AF_Allele2	MissingRate	BETA	SE	Tstat	var	p.value	N
5	85816543	rs78956323	A	G	124	0.133333	0	-0.128835	0.0976928	-13.4993	104.779	1.872425E-01	465
5	85827975	rs34361574	T	G	182	0.195699	0	0.113418	0.0809667	17.3009	152.541	1.612739E-01	465
5	85830432	rs1911944	C	T	341	0.366667	0	0.0247909	0.0650139	5.86516	236.585	7.029679E-01	465
5	85830796	rs11749261	T	C	341	0.366667	0	0.0247909	0.0650139	5.86516	236.585	7.029679E-01	465
5	85833857	rs4352632	G	A	345	0.370968	0	0.0334843	0.0644587	8.05894	240.678	6.034336E-01	465
5	85838601	rs112934562	C	T	35	0.0376344	0	0.091413	0.165949	3.3194	36.3121	5.817361E-01	465
5	85839447	rs6452715	A	G	345	0.370968	0	0.0334843	0.0644587	8.05894	240.678	6.034336E-01	465
5	85839578	rs6452716	G	A	345	0.370968	0	0.0334843	0.0644587	8.05894	240.678	6.034336E-01	465
5	85886353	rs62376304	C	T	123	0.132258	0	0.135631	0.0935371	15.5021	114.296	1.470523E-01	465
5	85899092	rs62376306	G	A	122	0.131183	0	0.122307	0.0945643	13.6772	111.827	1.958829E-01	465
5	85910124	rs17476297	A	G	128	0.137634	0	0.0913528	0.0934143	10.4687	114.597	3.281084E-01	465
5	85949557	rs4920669	G	A	84	0.0903226	0	0.087224	0.10996	7.21378	82.7041	4.276434E-01	465
5	85966342	rs2898540	C	T	92	0.0989247	0	-0.056783	0.106802	-4.97809	87.6688	5.949559E-01	465
5	85975900	rs79128709	G	A	63	0.0677419	0	-0.107681	0.128697	-6.50129	60.3757	4.027627E-01	465
5	85976245	rs6885407	G	A	126	0.135484	0	-0.0163867	0.0963592	-1.76484	107.7	8.649642E-01	465
5	85986822	rs10491416	C	T	81	0.0870968	0	0.0279763	0.114126	2.14795	76.7773	8.063513E-01	465
5	85994747	rs17477971	G	A	352	0.378495	0	0.00901077	0.0681641	1.93933	215.223	8.948321E-01	465
5	86002702	rs16902342	A	G	53	0.0569892	0	-0.119341	0.137515	-6.31091	52.8813	3.854803E-01	465
5	86003088	rs254740	T	C	223	0.239785	0	-0.034863	0.0745788	-6.26807	179.791	6.401668E-01	465
5	86003548	rs1374024	G	A	349	0.375269	0	0.0447629	0.0676138	9.79147	218.74	5.079466E-01	465
5	86008808	rs254744	T	C	220	0.236559	0	-0.0343362	0.0746083	-6.16848	179.65	6.453588E-01	465
5	86012253	rs254741	A	C	229	0.246237	0	-0.0588064	0.0737304	-10.8176	183.953	4.251101E-01	465
5	86015174	rs62374176	G	A	211	0.226882	0	0.0101748	0.0769214	1.71961	169.007	8.947667E-01	465
5	86487388	rs17446600	G	T	76	0.0817204	0	-0.0349689	0.115112	-2.63901	75.4674	7.612941E-01	465
5	86500273	rs13174379	A	G	203	0.21828	0	-0.0710085	0.0762216	-12.2223	172.125	3.515400E-01	465
5	86502656	rs62368896	G	T	165	0.177419	0	-0.0587829	0.0832642	-8.47881	144.239	4.801999E-01	465
5	86503644	rs74665360	T	G	202	0.217204	0	-0.107517	0.0766967	-18.2778	169.999	1.609605E-01	465
5	86508346	rs6869531	C	T	252	0.270968	0	0.0753096	0.0712214	14.8467	197.142	2.903280E-01	465
5	86518243	rs11953892	A	G	296	0.31828	0	0.0135128	0.0691267	2.82782	209.27	8.450188E-01	465
5	86522570	rs55762997	G	A	138	0.148387	0	-0.225072	0.0949663	-24.9564	110.882	1.778708E-02	465
5	86539266	rs16902601	G	A	201	0.216129	0	-0.107582	0.0767267	-18.2745	169.866	1.608722E-01	465
5	86540308	rs10942498	A	C	261	0.280645	0	0.0214634	0.0706738	4.29715	200.209	7.613594E-01	465
5	86541971	rs3797761	T	C	204	0.219355	0	-0.135393	0.0775547	-22.5102	166.259	8.085086E-02	465
5	86543312	rs6878991	T	C	178	0.191398	0	0.074218	0.0817472	11.1061	149.642	3.639331E-01	465
5	86543622	rs62368900	G	A	118	0.126882	0	-0.0553819	0.0962709	-5.97555	107.897	5.651076E-01	465
5	86545415	rs62368901	A	G	91	0.0978495	0	-0.0883701	0.108423	-7.51731	85.0662	4.150439E-01	465
5	86548999	rs11948323	G	A	143	0.153763	0	-0.251971	0.0933095	-28.94	114.855	6.926048E-03	465
5	86554030	rs72781788	T	G	115	0.123656	0	0.0255931	0.0951748	2.82539	110.397	7.880018E-01	465
5	86558707	rs7722818	A	G	408	0.43871	0	0.0182206	0.0662735	4.14842	227.678	7.833697E-01	465
5	86560187	rs6874962	T	G	350	0.376344	0	-0.0325293	0.0667812	-7.29401	224.229	6.261857E-01	465
5	86572124	rs7713115	T	G	387	0.416129	0	0.0306649	0.0655722	7.13185	232.574	6.400341E-01	465
5	86577352	rs7719891	A	G	262	0.28172	0	-0.0311401	0.0714122	-6.10627	196.09	6.627918E-01	465
5	86584820	rs388340	A	G	406	0.436559	0	0.0234038	0.0657704	5.41035	231.174	7.219596E-01	465
5	86585704	rs398463	A	G	388	0.417204	0	0.0407874	0.0653853	9.54039	233.905	5.327580E-01	465
5	86585874	rs1567348	G	A	328	0.352688	0	0.00676613	0.0667697	1.51769	224.306	9.192843E-01	465
5	86586566	rs56343304	C	T	135	0.145161	0	-0.256571	0.0963822	-27.6193	107.648	7.767507E-03	465
5	86592050	rs11745383	G	A	313	0.336559	0	0.0124435	0.0677296	2.7126	217.993	8.542307E-01	465
5	86593353	rs10054562	A	G	391	0.42043	0	0.0189731	0.0659545	4.36164	229.885	7.735995E-01	465
5	86597231	rs6893772	G	A	374	0.402151	0	0.0388145	0.0661029	8.88287	228.855	5.570807E-01	465
5	86599292	rs12659717	T	C	406	0.436559	0	0.0135812	0.0654882	3.16673	233.171	8.357104E-01	465
5	86603825	rs13362486	C	A	379	0.407527	0	0.0255836	0.065973	5.87801	229.756	6.981717E-01	465
5	86604156	rs62368944	T	C	395	0.424731	0	0.00109046	0.0660638	0.249851	229.125	9.868306E-01	465
5	86607633	rs10058449	G	A	330	0.354839	0	-0.0226678	0.0668934	-5.06575	223.478	7.347113E-01	465
5	86610989	rs35148638	A	C	210	0.225806	0	-0.112852	0.0760491	-19.513	172.907	1.378243E-01	465
5	86627754	rs3804239	G	A	167	0.17957	0	-0.0749665	0.0848741	-10.4068	138.819	3.770916E-01	465
5	86628891	rs2271235	G	A	371	0.398925	0	0.0511419	0.0661308	11.6942	228.661	4.393181E-01	465
5	86629897	rs9293487	G	A	315	0.33871	0	0.00840016	0.067529	1.84207	219.29	9.010039E-01	465
5	86630284	rs66507804	T	C	147	0.158065	0	0.0816579	0.0862802	10.9692	134.331	3.439314E-01	465
5	86635942	rs10942502	A	C	332	0.356989	0	-0.00565289	0.0667218	-1.2698	224.629	9.324813E-01	465
5	86638676	rs62368949	G	A	315	0.33871	0	0.00840016	0.067529	1.84207	219.29	9.010039E-01	465
5	86639645	rs1896694	G	T	318	0.341935	0	0.00571603	0.0676963	1.24728	218.208	9.327095E-01	465
5	86647138	rs10071944	C	T	140	0.150538	0	0.0897539	0.0878212	11.6374	129.659	3.067772E-01	465
5	86652624	rs10045850	T	C	343	0.368817	0	-0.0175584	0.0665692	-3.96222	225.659	7.919637E-01	465
5	86653508	rs1973017	C	T	329	0.353763	0	-0.0173589	0.0677436	-3.78255	217.903	7.977629E-01	465
5	86654813	rs16902632	C	T	315	0.33871	0	0.00840016	0.067529	1.84207	219.29	9.010039E-01	465
5	86656090	rs62368950	C	T	98	0.105376	0	-0.0249936	0.104707	-2.27971	91.212	8.113374E-01	465
5	86656964	rs4421140	T	C	190	0.204301	0	-0.08366	0.0795223	-13.2294	158.133	2.927847E-01	465
5	86663270	rs2923742	T	C	63	0.0677419	0	0.0536676	0.13088	3.13304	58.3786	6.817679E-01	465
5	86670970	rs10067098	T	C	414	0.445161	0	0.00733435	0.0649491	1.73866	237.058	9.100903E-01	465
5	86677220	rs3827607	G	A	374	0.402151	0	0.0474301	0.0658163	10.9493	230.852	4.711287E-01	465
5	86685558	rs72783711	A	C	127	0.136559	0	0.0261599	0.091235	3.14278	120.137	7.743180E-01	465
5	86695274	rs2230641	A	G	184	0.197849	0	-0.0734	0.0819309	-10.9345	148.972	3.703185E-01	465
5	86697387	rs3093816	A	G	340	0.365591	0	-0.00741134	0.0669545	-1.65324	223.07	9.118605E-01	465
5	86699541	rs3093809	A	G	114	0.122581	0	0.0512981	0.0945388	5.73959	111.887	5.873954E-01	465
5	86710074	rs116454645	A	C	93	0.1	0	-0.02286	0.106437	-2.01785	88.2701	8.299430E-01	465
5	86714840	rs10065575	G	A	412	0.443011	0	0.0800676	0.0644685	19.2647	240.605	2.142497E-01	465
5	86721304	rs2641385	A	C	63	0.0677419	0	0.0536676	0.13088	3.13304	58.3786	6.817679E-01	465
5	86727027	rs7702514	C	T	106	0.113978	0	0.0837745	0.0991671	8.51877	101.687	3.982327E-01	465
5	86734184	rs62368955	A	C	187	0.201075	0	-0.0708946	0.0806946	-10.8874	153.572	3.796428E-01	465
5	86735368	rs62368956	G	A	186	0.2	0	-0.0691729	0.0807465	-10.6093	153.374	3.916288E-01	465
5	86738344	rs4428447	A	G	108	0.116129	0	0.0503636	0.0986456	5.1756	102.765	6.096658E-01	465
5	86749658	rs62367571	A	G	189	0.203226	0	-0.0688967	0.0805943	-10.6069	153.954	3.926296E-01	465
5	86750847	rs7704035	C	T	121	0.130108	0	0.0231593	0.0947665	2.57879	111.35	8.069341E-01	465
5	86767630	rs7728691	G	A	133	0.143011	0	0.0249381	0.0925342	2.91245	116.787	7.875436E-01	465
5	86774931	rs4605823	T	G	134	0.144086	0	0.0316637	0.0923662	3.71137	117.212	7.317447E-01	465
5	86779121	rs112755386	G	A	51	0.0548387	0	0.000572487	0.139576	0.0293863	51.3309	9.967274E-01	465
5	86803812	rs34734977	C	T	128	0.137634	0	0.0126581	0.0942391	1.4253	112.6	8.931507E-01	465
5	87405162	rs13357535	G	A	218	0.234409	0	-0.0542119	0.0742207	-9.84112	181.531	4.651367E-01	465
5	87412600	rs12187018	G	A	58	0.0623656	0	-0.16339	0.132824	-9.26131	56.6822	2.186504E-01	465
5	87415955	rs56270757	C	T	54	0.0580645	0	-0.347729	0.14191	-17.2668	49.656	1.427209E-02	465
5	87421345	rs10040137	G	A	215	0.231183	0	-0.0629331	0.0746752	-11.2856	179.327	3.993640E-01	465
5	87423413	rs72770076	C	T	51	0.0548387	0	-0.277294	0.145345	-13.1262	47.3368	5.641282E-02	465
5	87430302	rs17286052	A	G	112	0.12043	0	-0.227491	0.0985941	-23.4025	102.872	2.103543E-02	465
5	87430946	rs10214259	G	A	217	0.233333	0	-0.0454479	0.0734302	-8.42879	185.46	5.359641E-01	465
5	87432646	rs13180638	G	A	42	0.0451613	0	0.358092	0.157823	14.3765	40.1474	2.327176E-02	465
5	87434054	rs1816739	A	G	216	0.232258	0	-0.0461066	0.0738426	-8.45571	183.395	5.323707E-01	465
5	87434708	rs10065580	A	C	217	0.233333	0	-0.0417347	0.0738287	-7.65679	183.463	5.718758E-01	465
5	87435486	rs10514297	T	C	217	0.233333	0	-0.0417347	0.0738287	-7.65679	183.463	5.718758E-01	465
5	87437764	rs71637297	C	T	43	0.0462366	0	0.372138	0.156244	15.244	40.9634	1.722925E-02	465
5	87457441	rs10061672	G	A	131	0.14086	0	-0.235597	0.0905672	-28.7228	121.915	9.285893E-03	465
5	87457822	rs2162713	C	T	128	0.137634	0	-0.232096	0.0926109	-27.061	116.594	1.220570E-02	465
5	87457922	rs10067455	T	G	160	0.172043	0	-0.0871158	0.0798811	-13.6524	156.716	2.754628E-01	465
5	87458278	rs919238	G	A	128	0.137634	0	-0.232096	0.0926109	-27.061	116.594	1.220570E-02	465
5	87466943	rs4298283	T	C	141	0.151613	0	-0.197491	0.0876877	-25.6844	130.054	2.430928E-02	465
5	87470240	rs6452775	T	G	103	0.110753	0	-0.192661	0.0999811	-19.2734	100.038	5.398262E-02	465
5	87472212	rs6452776	T	C	159	0.170968	0	-0.0853277	0.0799611	-13.3454	156.402	2.859200E-01	465
5	87476940	rs10074260	C	T	159	0.170968	0	-0.0853277	0.0799611	-13.3454	156.402	2.859200E-01	465
5	87479906	rs6452777	G	A	127	0.136559	0	-0.224971	0.0927905	-26.1288	116.143	1.532930E-02	465
5	87485064	rs1133152	G	A	138	0.148387	0	-0.157245	0.090959	-19.0057	120.867	8.385502E-02	465
5	87485145	rs2162714	C	T	144	0.154839	0	-0.125701	0.0853721	-17.2467	137.205	1.409166E-01	465
5	87486787	rs115512170	A	C	53	0.0569892	0	0.17424	0.137515	9.21403	52.8813	2.051324E-01	465
5	87487318	rs357511	T	C	128	0.137634	0	-0.223269	0.0926109	-26.0318	116.594	1.591652E-02	465
5	87487967	rs357508	C	A	123	0.132258	0	-0.23326	0.0935371	-26.6607	114.296	1.263963E-02	465
5	87489270	rs357507	A	G	145	0.155914	0	-0.137616	0.0846426	-19.2084	139.58	1.039818E-01	465
5	87492891	rs358294	C	T	144	0.154839	0	-0.125701	0.0853721	-17.2467	137.205	1.409166E-01	465
5	87495504	rs358288	A	G	143	0.153763	0	-0.126761	0.0854912	-17.3437	136.822	1.381441E-01	465
5	87497612	rs28505226	T	C	128	0.137634	0	-0.244162	0.0934143	-27.9802	114.597	8.955502E-03	465
5	87501223	rs357514	A	G	148	0.15914	0	-0.118192	0.0843087	-16.6281	140.688	1.609468E-01	465
5	87503631	rs357516	C	T	127	0.136559	0	-0.224971	0.0927905	-26.1288	116.143	1.532930E-02	465
5	87504483	rs357517	A	G	128	0.137634	0	-0.223269	0.0926109	-26.0318	116.594	1.591652E-02	465
5	87506623	rs115873146	G	A	52	0.055914	0	-0.201241	0.144166	-9.68253	48.1141	1.627465E-01	465
5	87506937	rs168570	T	G	128	0.137634	0	-0.223269	0.0926109	-26.0318	116.594	1.591652E-02	465
5	87507052	rs357518	A	G	128	0.137634	0	-0.223269	0.0926109	-26.0318	116.594	1.591652E-02	465
5	87507067	rs184826	T	C	128	0.137634	0	-0.223269	0.0926109	-26.0318	116.594	1.591652E-02	465
5	87510854	rs357519	A	C	128	0.137634	0	-0.223269	0.0926109	-26.0318	116.594	1.591652E-02	465
5	87522417	rs17468356	T	C	71	0.0763441	0	-0.598944	0.121215	-40.7635	68.059	7.766030E-07	465
5	87545044	rs35541151	T	C	43	0.0462366	0	0.383668	0.156244	15.7163	40.9634	1.406591E-02	465
5	87572026	rs12163987	A	G	216	0.232258	0	-0.594195	0.0750791	-105.412	177.403	2.487401E-15	465
5	87576769	rs12657757	T	C	252	0.270968	0	-0.513196	0.0708633	-102.198	199.139	4.419308E-13	465
5	87576797	rs12655529	C	A	250	0.268817	0	-0.510743	0.0711927	-100.77	197.301	7.278983E-13	465
5	87581588	rs4916897	A	C	253	0.272043	0	-0.518101	0.0708786	-103.13	199.053	2.677586E-13	465
5	87582787	rs17481705	G	A	64	0.0688172	0	-0.594712	0.12589	-37.5255	63.0985	2.311684E-06	465
5	87585667	rs76726500	A	G	47	0.0505376	0	-0.622307	0.150441	-27.4963	44.1844	3.525543E-05	465
5	87586062	rs4916898	G	A	253	0.272043	0	-0.52171	0.0712369	-102.806	197.056	2.414081E-13	465
5	87588026	rs4916899	A	G	254	0.273118	0	-0.514963	0.0705416	-103.487	200.96	2.874765E-13	465
5	87588420	rs16903057	T	C	217	0.233333	0	-0.595754	0.0750646	-105.73	177.472	2.078794E-15	465
5	87589006	rs34241164	A	G	218	0.234409	0	-0.595962	0.0750509	-105.805	177.537	2.009253E-15	465
5	87590501	rs13167796	G	A	219	0.235484	0	-0.595747	0.0746199	-106.992	179.594	1.419408E-15	465
5	87590947	rs13172095	G	A	253	0.272043	0	-0.518101	0.0708786	-103.13	199.053	2.677586E-13	465
5	87592237	rs13177755	C	T	216	0.232258	0	-0.604668	0.0759388	-104.855	173.409	1.685045E-15	465
5	87593289	rs12659252	G	A	254	0.273118	0	-0.523191	0.0708947	-104.096	198.963	1.584903E-13	465
5	87597012	rs1367233	A	G	227	0.244086	0	-0.60043	0.0745521	-108.029	179.92	8.024812E-16	465
5	87600719	rs13155030	A	C	44	0.0473118	0	-0.693383	0.158554	-27.5814	39.778	1.224646E-05	465
5	87601393	rs13159835	A	G	218	0.234409	0	-0.592588	0.0750509	-105.206	177.537	2.884290E-15	465
5	87601619	rs4916717	G	A	227	0.244086	0	-0.60043	0.0745521	-108.029	179.92	8.024812E-16	465
5	87602372	rs6872223	A	G	254	0.273118	0	-0.523191	0.0708947	-104.096	198.963	1.584903E-13	465
5	87603572	rs147762489	C	T	222	0.23871	0	-0.576879	0.0745878	-103.693	179.748	1.040256E-14	465
5	87604588	rs4382978	A	G	228	0.245161	0	-0.600777	0.0745477	-108.105	179.942	7.694365E-16	465
5	87606209	rs12659578	A	C	217	0.233333	0	-0.595754	0.0750646	-105.73	177.472	2.078794E-15	465
5	87609135	rs141354585	G	A	71	0.0763441	0	-0.598944	0.121215	-40.7635	68.059	7.766030E-07	465
5	87609356	rs2121102	A	G	249	0.267742	0	-0.518513	0.0722851	-99.2346	191.383	7.327718E-13	465
5	87609915	rs10942528	T	C	216	0.232258	0	-0.599183	0.0750791	-106.297	177.403	1.455213E-15	465
5	87611364	rs60331678	G	A	216	0.232258	0	-0.599183	0.0750791	-106.297	177.403	1.455213E-15	465
5	87611688	rs10462333	G	T	216	0.232258	0	-0.599183	0.0750791	-106.297	177.403	1.455213E-15	465
5	87612642	rs4916718	C	T	252	0.270968	0	-0.528014	0.0708633	-105.148	199.139	9.251964E-14	465
5	87618065	rs6872897	A	G	216	0.232258	0	-0.599183	0.0750791	-106.297	177.403	1.455213E-15	465
5	87618825	rs16903077	G	A	218	0.234409	0	-0.586537	0.0742207	-106.474	181.531	2.731280E-15	465
5	87618838	rs13167167	A	G	43	0.0462366	0	0.340006	0.156244	13.9278	40.9634	2.954564E-02	465
5	87620670	rs2305104	T	C	226	0.243011	0	-0.60367	0.0745575	-108.597	179.894	5.646987E-16	465
5	87623661	rs4916719	C	T	240	0.258065	0	-0.544047	0.0725764	-103.287	189.85	6.569537E-14	465
5	87628801	rs11741675	T	G	243	0.26129	0	-0.546547	0.0722194	-104.79	191.731	3.793886E-14	465
5	87634597	rs4916904	G	A	243	0.26129	0	-0.546547	0.0722194	-104.79	191.731	3.793886E-14	465
5	87639971	rs78909929	A	G	253	0.272043	0	-0.525804	0.0708786	-104.663	199.053	1.185670E-13	465
5	87642469	rs10462472	A	G	216	0.232258	0	-0.599183	0.0750791	-106.297	177.403	1.455213E-15	465
5	87646127	rs71639107	A	G	215	0.231183	0	-0.602919	0.075521	-105.712	175.333	1.422909E-15	465
5	87649879	rs113828108	A	G	230	0.247312	0	-0.589594	0.0737278	-108.465	183.966	1.275897E-15	465
5	87650585	rs11748762	G	A	81	0.0870968	0	-0.436833	0.111268	-35.2836	80.7714	8.638884E-05	465
5	87650635	rs11748768	G	A	240	0.258065	0	-0.52917	0.0725764	-100.463	189.85	3.071586E-13	465
5	87650742	rs11748798	G	T	216	0.232258	0	-0.599183	0.0750791	-106.297	177.403	1.455213E-15	465
5	87652072	rs11750391	C	T	243	0.26129	0	-0.546547	0.0722194	-104.79	191.731	3.793886E-14	465
5	87652128	rs11740836	T	C	216	0.232258	0	-0.599183	0.0750791	-106.297	177.403	1.455213E-15	465
5	87653025	rs13154590	A	G	219	0.235484	0	-0.603904	0.0746199	-108.457	179.594	5.817682E-16	465
5	87653036	rs72771828	T	G	135	0.145161	0	0.156466	0.0892212	19.6555	125.622	7.948440E-02	465
5	87653166	rs62369795	C	A	135	0.145161	0	0.156466	0.0892212	19.6555	125.622	7.948440E-02	465
5	87654656	rs2115884	A	G	216	0.232258	0	-0.599183	0.0750791	-106.297	177.403	1.455213E-15	465
5	87654927	rs17318496	A	G	135	0.145161	0	0.156466	0.0892212	19.6555	125.622	7.948440E-02	465
5	87655662	rs12515274	G	A	225	0.241935	0	-0.602472	0.0745637	-108.363	179.864	6.478724E-16	465
5	87656101	rs35339529	A	G	243	0.26129	0	-0.547374	0.0722194	-104.948	191.731	3.473859E-14	465
5	87658061	rs4916905	A	G	241	0.25914	0	-0.545788	0.0725829	-103.599	189.815	5.498052E-14	465
5	87659980	rs4916907	T	G	222	0.23871	0	-0.586804	0.0745878	-105.477	179.748	3.624009E-15	465
5	87661406	rs13189889	T	C	214	0.230108	0	-0.603585	0.0751109	-106.987	177.253	9.287903E-16	465
5	87661593	rs12657776	A	G	225	0.241935	0	-0.602331	0.0745637	-108.338	179.864	6.579576E-16	465
5	87663610	rs10514299	C	T	215	0.231183	0	-0.598112	0.0750945	-106.063	177.33	1.655047E-15	465
