CHR	POS	MarkerID	Allele1	Allele2	AC_Allele2	AF_Allele2	MissingRate	BETA	SE	Tstat	var	p.value	N
5	85816543	rs78956323	A	G	124	0.133333	0	0.0182057	0.0976858	1.90785	104.794	8.521548E-01	465
5	85827975	rs34361574	T	G	182	0.195699	0	-0.193478	0.0809609	-29.5176	152.563	1.685870E-02	465
5	85830432	rs1911944	C	T	341	0.366667	0	-0.0731553	0.0650092	-17.31	236.619	2.604591E-01	465
5	85830796	rs11749261	T	C	341	0.366667	0	-0.0731553	0.0650092	-17.31	236.619	2.604591E-01	465
5	85833857	rs4352632	G	A	345	0.370968	0	-0.0675327	0.0644541	-16.256	240.713	2.947472E-01	465
5	85838601	rs112934562	C	T	35	0.0376344	0	-0.168575	0.165937	-6.12222	36.3174	3.096764E-01	465
5	85839447	rs6452715	A	G	345	0.370968	0	-0.0675327	0.0644541	-16.256	240.713	2.947472E-01	465
5	85839578	rs6452716	G	A	345	0.370968	0	-0.0675327	0.0644541	-16.256	240.713	2.947472E-01	465
5	85886353	rs62376304	C	T	123	0.132258	0	-0.159992	0.0935304	-18.2891	114.313	8.715757E-02	465
5	85899092	rs62376306	G	A	122	0.131183	0	-0.178627	0.0945574	-19.9781	111.843	5.888081E-02	465
5	85910124	rs17476297	A	G	128	0.137634	0	-0.179849	0.0934076	-20.6131	114.613	5.417670E-02	465
5	85949557	rs4920669	G	A	84	0.0903226	0	0.19305	0.109953	15.9683	82.716	7.912992E-02	465
5	85966342	rs2898540	C	T	92	0.0989247	0	0.109136	0.106794	9.56922	87.6815	3.068125E-01	465
5	85975900	rs79128709	G	A	63	0.0677419	0	0.0834083	0.128688	5.03656	60.3844	5.168918E-01	465
5	85976245	rs6885407	G	A	126	0.135484	0	0.0102227	0.0963522	1.10113	107.715	9.155056E-01	465
5	85986822	rs10491416	C	T	81	0.0870968	0	0.260753	0.114117	20.0228	76.7884	2.231565E-02	465
5	85994747	rs17477971	G	A	352	0.378495	0	0.0198081	0.0681592	4.26376	215.254	7.713461E-01	465
5	86002702	rs16902342	A	G	53	0.0569892	0	0.0357172	0.137505	1.88904	52.8889	7.950547E-01	465
5	86003088	rs254740	T	C	223	0.239785	0	-0.0764225	0.0745735	-13.7421	179.817	3.054603E-01	465
5	86003548	rs1374024	G	A	349	0.375269	0	0.0491496	0.0676089	10.7526	218.772	4.672447E-01	465
5	86008808	rs254744	T	C	220	0.236559	0	-0.0907134	0.0746029	-16.299	179.675	2.240038E-01	465
5	86012253	rs254741	A	C	229	0.246237	0	-0.0718709	0.0737251	-13.2228	183.979	3.296350E-01	465
5	86015174	rs62374176	G	A	211	0.226882	0	-0.105143	0.0769159	-17.7725	169.032	1.716299E-01	465
5	86487388	rs17446600	G	T	76	0.0817204	0	-0.441739	0.115104	-33.3417	75.4783	1.241679E-04	465
5	86500273	rs13174379	A	G	203	0.21828	0	-0.293246	0.0762161	-50.4822	172.15	1.193021E-04	465
5	86502656	rs62368896	G	T	165	0.177419	0	-0.402099	0.0832582	-58.0068	144.26	1.368483E-06	465
5	86503644	rs74665360	T	G	202	0.217204	0	-0.333292	0.0766911	-56.6675	170.024	1.387097E-05	465
5	86508346	rs6869531	C	T	252	0.270968	0	-0.14746	0.0712162	-29.0748	197.171	3.839630E-02	465
5	86518243	rs11953892	A	G	296	0.31828	0	-0.15535	0.0691217	-32.5149	209.301	2.460874E-02	465
5	86522570	rs55762997	G	A	138	0.148387	0	0.156957	0.0949595	17.4062	110.898	9.835439E-02	465
5	86539266	rs16902601	G	A	201	0.216129	0	-0.357061	0.0767212	-60.6613	169.891	3.255466E-06	465
5	86540308	rs10942498	A	C	261	0.280645	0	-0.219591	0.0706687	-43.9704	200.237	1.887833E-03	465
5	86541971	rs3797761	T	C	204	0.219355	0	-0.352805	0.0775491	-58.6653	166.282	5.378953E-06	465
5	86543312	rs6878991	T	C	178	0.191398	0	-0.259827	0.0817413	-38.8867	149.664	1.479617E-03	465
5	86543622	rs62368900	G	A	118	0.126882	0	-0.479555	0.096264	-51.75	107.913	6.304069E-07	465
5	86545415	rs62368901	A	G	91	0.0978495	0	-0.435665	0.108415	-37.0657	85.0785	5.857253E-05	465
5	86548999	rs11948323	G	A	143	0.153763	0	0.16772	0.0933028	19.2662	114.871	7.224148E-02	465
5	86554030	rs72781788	T	G	115	0.123656	0	-0.44614	0.095168	-49.2595	110.413	2.759935E-06	465
5	86558707	rs7722818	A	G	408	0.43871	0	-0.460429	0.0662687	-104.845	227.711	3.707205E-12	465
5	86560187	rs6874962	T	G	350	0.376344	0	-0.530318	0.0667764	-118.93	224.261	1.994193E-15	465
5	86572124	rs7713115	T	G	387	0.416129	0	-0.473898	0.0655674	-110.232	232.607	4.914295E-13	465
5	86577352	rs7719891	A	G	262	0.28172	0	-0.2579	0.071407	-50.5788	196.118	3.042137E-04	465
5	86584820	rs388340	A	G	406	0.436559	0	-0.440752	0.0657657	-101.905	231.207	2.057919E-11	465
5	86585704	rs398463	A	G	388	0.417204	0	-0.468285	0.0653806	-109.55	233.939	7.924897E-13	465
5	86585874	rs1567348	G	A	328	0.352688	0	-0.547734	0.0667648	-122.878	224.339	2.326656E-16	465
5	86586566	rs56343304	C	T	135	0.145161	0	0.154881	0.0963753	16.675	107.664	1.080420E-01	465
5	86592050	rs11745383	G	A	313	0.336559	0	-0.570965	0.0677247	-124.484	218.025	3.436748E-17	465
5	86593353	rs10054562	A	G	391	0.42043	0	-0.473568	0.0659497	-108.882	229.918	6.933228E-13	465
5	86597231	rs6893772	G	A	374	0.402151	0	-0.475787	0.0660981	-108.902	228.888	6.101203E-13	465
5	86599292	rs12659717	T	C	406	0.436559	0	-0.460006	0.0654835	-107.276	233.204	2.144136E-12	465
5	86603825	rs13362486	C	A	379	0.407527	0	-0.46268	0.0659682	-106.319	229.79	2.321269E-12	465
5	86604156	rs62368944	T	C	395	0.424731	0	-0.453669	0.066059	-103.962	229.158	6.528115E-12	465
5	86607633	rs10058449	G	A	330	0.354839	0	-0.542391	0.0668885	-121.23	223.51	5.109164E-16	465
5	86610989	rs35148638	A	C	210	0.225806	0	-0.387075	0.0760436	-66.9376	172.932	3.577326E-07	465
5	86627754	rs3804239	G	A	167	0.17957	0	-0.455291	0.0848679	-63.2122	138.839	8.108672E-08	465
5	86628891	rs2271235	G	A	371	0.398925	0	-0.478487	0.066126	-109.427	228.694	4.621389E-13	465
5	86629897	rs9293487	G	A	315	0.33871	0	-0.563053	0.0675242	-123.49	219.322	7.521146E-17	465
5	86630284	rs66507804	T	C	147	0.158065	0	-0.449381	0.086274	-60.3746	134.351	1.901076E-07	465
5	86635942	rs10942502	A	C	332	0.356989	0	-0.552105	0.066717	-124.036	224.661	1.281051E-16	465
5	86638676	rs62368949	G	A	315	0.33871	0	-0.563053	0.0675242	-123.49	219.322	7.521146E-17	465
5	86639645	rs1896694	G	T	318	0.341935	0	-0.539728	0.0676914	-117.79	218.239	1.544233E-15	465
5	86647138	rs10071944	C	T	140	0.150538	0	-0.445256	0.0878149	-57.7396	129.677	3.969936E-07	465
5	86652624	rs10045850	T	C	343	0.368817	0	-0.542615	0.0665644	-122.464	225.692	3.587547E-16	465
5	86653508	rs1973017	C	T	329	0.353763	0	-0.572073	0.0677387	-124.674	217.934	3.032925E-17	465
5	86654813	rs16902632	C	T	315	0.33871	0	-0.563053	0.0675242	-123.49	219.322	7.521146E-17	465
5	86656090	rs62368950	C	T	98	0.105376	0	-0.368884	0.104699	-33.6515	91.2251	4.262470E-04	465
5	86656964	rs4421140	T	C	190	0.204301	0	-0.415887	0.0795166	-65.7749	158.156	1.693286E-07	465
5	86663270	rs2923742	T	C	63	0.0677419	0	0.0242348	0.130871	1.415	58.387	8.530868E-01	465
5	86670970	rs10067098	T	C	414	0.445161	0	-0.412576	0.0649444	-97.8183	237.092	2.115004E-10	465
5	86677220	rs3827607	G	A	374	0.402151	0	-0.47515	0.0658116	-109.705	230.885	5.203994E-13	465
5	86685558	rs72783711	A	C	127	0.136559	0	-0.408739	0.0912284	-49.1118	120.154	7.450514E-06	465
5	86695274	rs2230641	A	G	184	0.197849	0	-0.401377	0.0819249	-59.8026	148.994	9.616803E-07	465
5	86697387	rs3093816	A	G	340	0.365591	0	-0.521312	0.0669497	-116.306	223.102	6.882390E-15	465
5	86699541	rs3093809	A	G	114	0.122581	0	-0.423093	0.094532	-47.3454	111.903	7.617820E-06	465
5	86710074	rs116454645	A	C	93	0.1	0	-0.380488	0.106429	-33.5905	88.2828	3.501983E-04	465
5	86714840	rs10065575	G	A	412	0.443011	0	-0.412843	0.0644639	-99.3465	240.64	1.511003E-10	465
5	86721304	rs2641385	A	C	63	0.0677419	0	0.0242348	0.130871	1.415	58.387	8.530868E-01	465
5	86727027	rs7702514	C	T	106	0.113978	0	-0.458111	0.0991599	-46.5906	101.702	3.838857E-06	465
5	86734184	rs62368955	A	C	187	0.201075	0	-0.362912	0.0806887	-55.741	153.594	6.870073E-06	465
5	86735368	rs62368956	G	A	186	0.2	0	-0.365486	0.0807407	-56.0642	153.396	5.992214E-06	465
5	86738344	rs4428447	A	G	108	0.116129	0	-0.450857	0.0986385	-46.3389	102.78	4.858627E-06	465
5	86749658	rs62367571	A	G	189	0.203226	0	-0.35529	0.0805885	-54.7063	153.976	1.039945E-05	465
5	86750847	rs7704035	C	T	121	0.130108	0	-0.431957	0.0947596	-48.1054	111.366	5.153195E-06	465
5	86767630	rs7728691	G	A	133	0.143011	0	-0.429453	0.0925275	-50.1619	116.804	3.461316E-06	465
5	86774931	rs4605823	T	G	134	0.144086	0	-0.427666	0.0923596	-50.135	117.229	3.648841E-06	465
5	86779121	rs112755386	G	A	51	0.0548387	0	-0.382431	0.139566	-19.6333	51.3383	6.141223E-03	465
5	86803812	rs34734977	C	T	128	0.137634	0	-0.14103	0.0942323	-15.8822	112.616	1.344927E-01	465
5	87405162	rs13357535	G	A	218	0.234409	0	-0.131098	0.0742153	-23.8017	181.557	7.732050E-02	465
5	87412600	rs12187018	G	A	58	0.0623656	0	0.0478483	0.132814	2.71254	56.6903	7.186494E-01	465
5	87415955	rs56270757	C	T	54	0.0580645	0	-0.0766945	0.1419	-3.80889	49.6631	5.888649E-01	465
5	87421345	rs10040137	G	A	215	0.231183	0	-0.138564	0.0746699	-24.8519	179.353	6.349809E-02	465
5	87423413	rs72770076	C	T	51	0.0548387	0	0.0255775	0.145335	1.21093	47.3436	8.603015E-01	465
5	87430302	rs17286052	A	G	112	0.12043	0	-0.378377	0.098587	-38.9301	102.887	1.240390E-04	465
5	87430946	rs10214259	G	A	217	0.233333	0	-0.138773	0.0734249	-25.7406	185.487	5.875777E-02	465
5	87432646	rs13180638	G	A	42	0.0451613	0	-0.381543	0.157812	-15.3201	40.1532	1.561882E-02	465
5	87434054	rs1816739	A	G	216	0.232258	0	-0.147519	0.0738372	-27.0581	183.421	4.572811E-02	465
5	87434708	rs10065580	A	C	217	0.233333	0	-0.147317	0.0738234	-27.0312	183.49	4.598480E-02	465
5	87435486	rs10514297	T	C	217	0.233333	0	-0.147317	0.0738234	-27.0312	183.49	4.598480E-02	465
5	87437764	rs71637297	C	T	43	0.0462366	0	-0.357377	0.156232	-14.6415	40.9693	2.216838E-02	465
5	87457441	rs10061672	G	A	131	0.14086	0	0.0430525	0.0905607	5.24951	121.933	6.345021E-01	465
5	87457822	rs2162713	C	T	128	0.137634	0	0.0506891	0.0926042	5.9109	116.611	5.841216E-01	465
5	87457922	rs10067455	T	G	160	0.172043	0	0.140522	0.0798753	22.0251	156.738	7.853284E-02	465
5	87458278	rs919238	G	A	128	0.137634	0	0.0506891	0.0926042	5.9109	116.611	5.841216E-01	465
5	87466943	rs4298283	T	C	141	0.151613	0	0.0534311	0.0876814	6.94992	130.073	5.422735E-01	465
5	87470240	rs6452775	T	G	103	0.110753	0	0.102514	0.0999739	10.2567	100.052	3.051727E-01	465
5	87472212	rs6452776	T	C	159	0.170968	0	0.132243	0.0799553	20.686	156.425	9.813584E-02	465
5	87476940	rs10074260	C	T	159	0.170968	0	0.132243	0.0799553	20.686	156.425	9.813584E-02	465
5	87479906	rs6452777	G	A	127	0.136559	0	0.052565	0.0927838	6.10594	116.16	5.710321E-01	465
5	87485064	rs1133152	G	A	138	0.148387	0	0.0623143	0.0909524	7.53284	120.885	4.932615E-01	465
5	87485145	rs2162714	C	T	144	0.154839	0	0.113923	0.0853659	15.633	137.224	1.820306E-01	465
5	87486787	rs115512170	A	C	53	0.0569892	0	0.0420621	0.137505	2.22462	52.8889	7.596839E-01	465
5	87487318	rs357511	T	C	128	0.137634	0	0.0554267	0.0926042	6.46335	116.611	5.494843E-01	465
5	87487967	rs357508	C	A	123	0.132258	0	0.0370975	0.0935304	4.24072	114.313	6.916356E-01	465
5	87489270	rs357507	A	G	145	0.155914	0	0.115473	0.0846365	16.12	139.6	1.724594E-01	465
5	87492891	rs358294	C	T	144	0.154839	0	0.113923	0.0853659	15.633	137.224	1.820306E-01	465
5	87495504	rs358288	A	G	143	0.153763	0	0.11163	0.0854851	15.2756	136.842	1.916075E-01	465
5	87497612	rs28505226	T	C	128	0.137634	0	-0.262309	0.0934076	-30.0642	114.613	4.981560E-03	465
5	87501223	rs357514	A	G	148	0.15914	0	0.1145	0.0843026	16.111	140.708	1.744004E-01	465
5	87503631	rs357516	C	T	127	0.136559	0	0.052565	0.0927838	6.10594	116.16	5.710321E-01	465
5	87504483	rs357517	A	G	128	0.137634	0	0.0554267	0.0926042	6.46335	116.611	5.494843E-01	465
5	87506623	rs115873146	G	A	52	0.055914	0	-0.372999	0.144156	-17.9491	48.1211	9.668324E-03	465
5	87506937	rs168570	T	G	128	0.137634	0	0.0554267	0.0926042	6.46335	116.611	5.494843E-01	465
5	87507052	rs357518	A	G	128	0.137634	0	0.0554267	0.0926042	6.46335	116.611	5.494843E-01	465
5	87507067	rs184826	T	C	128	0.137634	0	0.0554267	0.0926042	6.46335	116.611	5.494843E-01	465
5	87510854	rs357519	A	C	128	0.137634	0	0.0554267	0.0926042	6.46335	116.611	5.494843E-01	465
5	87522417	rs17468356	T	C	71	0.0763441	0	0.01365	0.121207	0.929137	68.0688	9.103338E-01	465
5	87545044	rs35541151	T	C	43	0.0462366	0	-0.228061	0.156232	-9.34349	40.9693	1.443575E-01	465
5	87572026	rs12163987	A	G	216	0.232258	0	-0.0109668	0.0750737	-1.94582	177.429	8.838581E-01	465
5	87576769	rs12657757	T	C	252	0.270968	0	0.049085	0.0708582	9.77616	199.168	4.884842E-01	465
5	87576797	rs12655529	C	A	250	0.268817	0	0.0461728	0.0711875	9.11126	197.329	5.165917E-01	465
5	87581588	rs4916897	A	C	253	0.272043	0	0.0481265	0.0708735	9.58113	199.082	4.971073E-01	465
5	87582787	rs17481705	G	A	64	0.0688172	0	-0.0987811	0.125881	-6.23384	63.1076	4.326176E-01	465
5	87585667	rs76726500	A	G	47	0.0505376	0	0.0898447	0.15043	3.97031	44.1908	5.503384E-01	465
5	87586062	rs4916898	G	A	253	0.272043	0	0.0454868	0.0712318	8.96475	197.085	5.230993E-01	465
5	87588026	rs4916899	A	G	254	0.273118	0	0.0483415	0.0705365	9.71612	200.989	4.931288E-01	465
5	87588420	rs16903057	T	C	217	0.233333	0	-0.00945866	0.0750591	-1.67889	177.498	8.997192E-01	465
5	87589006	rs34241164	A	G	218	0.234409	0	-0.0103381	0.0750455	-1.83565	177.562	8.904321E-01	465
5	87590501	rs13167796	G	A	219	0.235484	0	-0.00484085	0.0746145	-0.869512	179.62	9.482710E-01	465
5	87590947	rs13172095	G	A	253	0.272043	0	0.0481265	0.0708735	9.58113	199.082	4.971073E-01	465
5	87592237	rs13177755	C	T	216	0.232258	0	-0.0204211	0.0759333	-3.54171	173.434	7.879804E-01	465
5	87593289	rs12659252	G	A	254	0.273118	0	0.0635487	0.0708896	12.6457	198.992	3.700143E-01	465
5	87597012	rs1367233	A	G	227	0.244086	0	0.0111704	0.0745468	2.01008	179.946	8.808872E-01	465
5	87600719	rs13155030	A	C	44	0.0473118	0	-0.0100736	0.158543	-0.400765	39.7837	9.493377E-01	465
5	87601393	rs13159835	A	G	218	0.234409	0	-0.00288881	0.0750455	-0.512943	177.562	9.692937E-01	465
5	87601619	rs4916717	G	A	227	0.244086	0	0.0111704	0.0745468	2.01008	179.946	8.808872E-01	465
5	87602372	rs6872223	A	G	254	0.273118	0	0.0635487	0.0708896	12.6457	198.992	3.700143E-01	465
5	87603572	rs147762489	C	T	222	0.23871	0	-0.0125034	0.0745824	-2.2478	179.774	8.668617E-01	465
5	87604588	rs4382978	A	G	228	0.245161	0	0.010298	0.0745423	1.85331	179.968	8.901216E-01	465
5	87606209	rs12659578	A	C	217	0.233333	0	-0.00945866	0.0750591	-1.67889	177.498	8.997192E-01	465
5	87609135	rs141354585	G	A	71	0.0763441	0	0.01365	0.121207	0.929137	68.0688	9.103338E-01	465
5	87609356	rs2121102	A	G	249	0.267742	0	0.0472465	0.0722798	9.04348	191.41	5.133300E-01	465
5	87609915	rs10942528	T	C	216	0.232258	0	-0.0142211	0.0750737	-2.52324	177.429	8.497568E-01	465
5	87611364	rs60331678	G	A	216	0.232258	0	-0.0142211	0.0750737	-2.52324	177.429	8.497568E-01	465
5	87611688	rs10462333	G	T	216	0.232258	0	-0.0142211	0.0750737	-2.52324	177.429	8.497568E-01	465
5	87612642	rs4916718	C	T	252	0.270968	0	0.064172	0.0708582	12.781	199.168	3.651272E-01	465
5	87618065	rs6872897	A	G	216	0.232258	0	-0.0142211	0.0750737	-2.52324	177.429	8.497568E-01	465
5	87618825	rs16903077	G	A	218	0.234409	0	-0.0244209	0.0742153	-4.43378	181.557	7.421145E-01	465
5	87618838	rs13167167	A	G	43	0.0462366	0	-0.271814	0.156232	-11.136	40.9693	8.189263E-02	465
5	87620670	rs2305104	T	C	226	0.243011	0	0.00647913	0.0745521	1.16573	179.92	9.307451E-01	465
5	87623661	rs4916719	C	T	240	0.258065	0	0.0464226	0.0725711	8.81459	189.877	5.223777E-01	465
5	87628801	rs11741675	T	G	243	0.26129	0	0.0486171	0.0722142	9.32273	191.758	5.007984E-01	465
5	87634597	rs4916904	G	A	243	0.26129	0	0.0486171	0.0722142	9.32273	191.758	5.007984E-01	465
5	87639971	rs78909929	A	G	253	0.272043	0	0.0592787	0.0708735	11.8013	199.082	4.029290E-01	465
5	87642469	rs10462472	A	G	216	0.232258	0	-0.0142211	0.0750737	-2.52324	177.429	8.497568E-01	465
5	87646127	rs71639107	A	G	215	0.231183	0	-0.0212593	0.0755156	-3.72801	175.359	7.783097E-01	465
5	87649879	rs113828108	A	G	230	0.247312	0	0.0110263	0.0737225	2.02876	183.992	8.811075E-01	465
5	87650585	rs11748762	G	A	81	0.0870968	0	-0.0559822	0.11126	-4.52241	80.7831	6.148486E-01	465
5	87650635	rs11748768	G	A	240	0.258065	0	0.0347385	0.0725711	6.59605	189.877	6.321645E-01	465
5	87650742	rs11748798	G	T	216	0.232258	0	-0.0142211	0.0750737	-2.52324	177.429	8.497568E-01	465
5	87652072	rs11750391	C	T	243	0.26129	0	0.0486171	0.0722142	9.32273	191.758	5.007984E-01	465
5	87652128	rs11740836	T	C	216	0.232258	0	-0.0142211	0.0750737	-2.52324	177.429	8.497568E-01	465
5	87653025	rs13154590	A	G	219	0.235484	0	0.00197635	0.0746145	0.354991	179.62	9.788685E-01	465
5	87653036	rs72771828	T	G	135	0.145161	0	0.127289	0.0892147	15.9926	125.64	1.536458E-01	465
5	87653166	rs62369795	C	A	135	0.145161	0	0.127289	0.0892147	15.9926	125.64	1.536458E-01	465
5	87654656	rs2115884	A	G	216	0.232258	0	-0.0142211	0.0750737	-2.52324	177.429	8.497568E-01	465
5	87654927	rs17318496	A	G	135	0.145161	0	0.127289	0.0892147	15.9926	125.64	1.536458E-01	465
5	87655662	rs12515274	G	A	225	0.241935	0	0.00833992	0.0745583	1.50027	179.89	9.109362E-01	465
5	87656101	rs35339529	A	G	243	0.26129	0	0.0540437	0.0722142	10.3633	191.758	4.542309E-01	465
5	87658061	rs4916905	A	G	241	0.25914	0	0.0541296	0.0725777	10.2761	189.843	4.557783E-01	465
5	87659980	rs4916907	T	G	222	0.23871	0	0.0176274	0.0745824	3.16895	179.774	8.131628E-01	465
5	87661406	rs13189889	T	C	214	0.230108	0	-0.0225181	0.0751055	-3.99198	177.279	7.643145E-01	465
5	87661593	rs12657776	A	G	225	0.241935	0	0.0106958	0.0745583	1.92407	179.89	8.859305E-01	465
5	87663610	rs10514299	C	T	215	0.231183	0	-0.0123407	0.0750891	-2.18869	177.356	8.694579E-01	465
