CHR	POS	MarkerID	Allele1	Allele2	AC_Allele2	AF_Allele2	MissingRate	BETA	SE	Tstat	var	p.value	N
5	85816543	rs78956323	A	G	124	0.133333	0	0.0373317	0.0970939	3.95998	106.076	7.006152E-01	465
5	85827975	rs34361574	T	G	182	0.195699	0	0.16105	0.0804704	24.8708	154.429	4.535331E-02	465
5	85830432	rs1911944	C	T	341	0.366667	0	0.0759276	0.0646154	18.1856	239.513	2.399668E-01	465
5	85830796	rs11749261	T	C	341	0.366667	0	0.0759276	0.0646154	18.1856	239.513	2.399668E-01	465
5	85833857	rs4352632	G	A	345	0.370968	0	0.0777333	0.0640636	18.9402	243.656	2.249854E-01	465
5	85838601	rs112934562	C	T	35	0.0376344	0	0.408701	0.164931	15.0245	36.7615	1.321182E-02	465
5	85839447	rs6452715	A	G	345	0.370968	0	0.0777333	0.0640636	18.9402	243.656	2.249854E-01	465
5	85839578	rs6452716	G	A	345	0.370968	0	0.0777333	0.0640636	18.9402	243.656	2.249854E-01	465
5	85886353	rs62376304	C	T	123	0.132258	0	0.125243	0.0929637	14.4919	115.711	1.779084E-01	465
5	85899092	rs62376306	G	A	122	0.131183	0	0.115013	0.0939846	13.0206	113.211	2.210506E-01	465
5	85910124	rs17476297	A	G	128	0.137634	0	0.126621	0.0928417	14.6899	116.015	1.726200E-01	465
5	85949557	rs4920669	G	A	84	0.0903226	0	-0.0869592	0.109286	-7.28087	83.7275	4.262063E-01	465
5	85966342	rs2898540	C	T	92	0.0989247	0	0.171442	0.106147	15.2161	88.7537	1.062803E-01	465
5	85975900	rs79128709	G	A	63	0.0677419	0	0.462673	0.127908	28.2798	61.1228	2.977798E-04	465
5	85976245	rs6885407	G	A	126	0.135484	0	0.0804921	0.0957685	8.77623	109.032	4.006358E-01	465
5	85986822	rs10491416	C	T	81	0.0870968	0	0.254376	0.113426	19.7719	77.7274	2.491911E-02	465
5	85994747	rs17477971	G	A	352	0.378495	0	0.161766	0.0677462	35.2465	217.886	1.694864E-02	465
5	86002702	rs16902342	A	G	53	0.0569892	0	0.556455	0.136672	29.7902	53.5357	4.671699E-05	465
5	86003088	rs254740	T	C	223	0.239785	0	-0.0311331	0.0741217	-5.66673	182.016	6.744654E-01	465
5	86003548	rs1374024	G	A	349	0.375269	0	0.167587	0.0671993	37.1117	221.447	1.263552E-02	465
5	86008808	rs254744	T	C	220	0.236559	0	-0.0242207	0.0741509	-4.40508	181.873	7.439397E-01	465
5	86012253	rs254741	A	C	229	0.246237	0	0.00890896	0.0732784	1.65911	186.229	9.032342E-01	465
5	86015174	rs62374176	G	A	211	0.226882	0	0.222898	0.0764499	38.1375	171.099	3.550002E-03	465
5	86487388	rs17446600	G	T	76	0.0817204	0	0.0080788	0.114406	0.617231	76.4013	9.437041E-01	465
5	86500273	rs13174379	A	G	203	0.21828	0	-0.0367712	0.0757543	-6.40757	174.255	6.273918E-01	465
5	86502656	rs62368896	G	T	165	0.177419	0	-0.0304285	0.0827537	-4.44329	146.024	7.130977E-01	465
5	86503644	rs74665360	T	G	202	0.217204	0	-0.0261233	0.0762265	-4.49589	172.103	7.318196E-01	465
5	86508346	rs6869531	C	T	252	0.270968	0	-0.181059	0.0707848	-36.136	199.582	1.053137E-02	465
5	86518243	rs11953892	A	G	296	0.31828	0	-0.175288	0.068703	-37.1364	211.86	1.072965E-02	465
5	86522570	rs55762997	G	A	138	0.148387	0	0.0514691	0.0943841	5.77761	112.254	5.855371E-01	465
5	86539266	rs16902601	G	A	201	0.216129	0	-0.0247054	0.0762564	-4.24855	171.968	7.459542E-01	465
5	86540308	rs10942498	A	C	261	0.280645	0	-0.161521	0.0702406	-32.738	202.686	2.147434E-02	465
5	86541971	rs3797761	T	C	204	0.219355	0	-0.0316452	0.0770793	-5.32638	168.316	6.814000E-01	465
5	86543312	rs6878991	T	C	178	0.191398	0	-0.206223	0.0812461	-31.2415	151.494	1.114076E-02	465
5	86543622	rs62368900	G	A	118	0.126882	0	-0.0326646	0.0956807	-3.56803	109.232	7.328088E-01	465
5	86545415	rs62368901	A	G	91	0.0978495	0	-0.0106278	0.107758	-0.915251	86.1188	9.214352E-01	465
5	86548999	rs11948323	G	A	143	0.153763	0	0.0457672	0.0927375	5.32163	116.276	6.216494E-01	465
5	86554030	rs72781788	T	G	115	0.123656	0	0.100313	0.0945914	11.2112	111.763	2.889232E-01	465
5	86558707	rs7722818	A	G	408	0.43871	0	-0.107878	0.0658672	-24.8653	230.495	1.014623E-01	465
5	86560187	rs6874962	T	G	350	0.376344	0	0.00600916	0.0663718	1.3641	227.004	9.278598E-01	465
5	86572124	rs7713115	T	G	387	0.416129	0	-0.0910783	0.0651702	-21.4445	235.452	1.622498E-01	465
5	86577352	rs7719891	A	G	262	0.28172	0	-0.16493	0.0709744	-32.7413	198.516	2.013631E-02	465
5	86584820	rs388340	A	G	406	0.436559	0	-0.110677	0.0653672	-25.9022	234.034	9.042533E-02	465
5	86585704	rs398463	A	G	388	0.417204	0	-0.0963715	0.0649845	-22.8207	236.8	1.380761E-01	465
5	86585874	rs1567348	G	A	328	0.352688	0	0.0137174	0.0663603	3.11498	227.082	8.362354E-01	465
5	86586566	rs56343304	C	T	135	0.145161	0	0.0405052	0.0957914	4.41426	108.98	6.724060E-01	465
5	86592050	rs11745383	G	A	313	0.336559	0	0.0259453	0.0673144	5.72589	220.691	6.999152E-01	465
5	86593353	rs10054562	A	G	391	0.42043	0	-0.0846294	0.0655502	-19.6958	232.73	1.966818E-01	465
5	86597231	rs6893772	G	A	374	0.402151	0	-0.0836243	0.0656976	-19.3746	231.686	2.030656E-01	465
5	86599292	rs12659717	T	C	406	0.436559	0	-0.0944975	0.0650867	-22.3067	236.056	1.465377E-01	465
5	86603825	rs13362486	C	A	379	0.407527	0	-0.0920615	0.0655686	-21.4135	232.6	1.603040E-01	465
5	86604156	rs62368944	T	C	395	0.424731	0	-0.101887	0.0656588	-23.6337	231.96	1.207189E-01	465
5	86607633	rs10058449	G	A	330	0.354839	0	0.0156991	0.0664833	3.55181	226.243	8.133273E-01	465
5	86610989	rs35148638	A	C	210	0.225806	0	-0.0427112	0.0755829	-7.47644	175.046	5.720120E-01	465
5	86627754	rs3804239	G	A	167	0.17957	0	-0.0184608	0.0843538	-2.59442	140.537	8.267673E-01	465
5	86628891	rs2271235	G	A	371	0.398925	0	-0.0802035	0.0657254	-18.5664	231.491	2.223580E-01	465
5	86629897	rs9293487	G	A	315	0.33871	0	0.026665	0.067115	5.91973	222.004	6.911440E-01	465
5	86630284	rs66507804	T	C	147	0.158065	0	0.0615213	0.0857513	8.3665	135.994	4.731035E-01	465
5	86635942	rs10942502	A	C	332	0.356989	0	0.0251619	0.0663127	5.72203	227.408	7.043588E-01	465
5	86638676	rs62368949	G	A	315	0.33871	0	0.026665	0.067115	5.91973	222.004	6.911440E-01	465
5	86639645	rs1896694	G	T	318	0.341935	0	0.0233557	0.0672813	5.15947	220.908	7.284894E-01	465
5	86647138	rs10071944	C	T	140	0.150538	0	0.0611841	0.0872828	8.03121	131.263	4.833115E-01	465
5	86652624	rs10045850	T	C	343	0.368817	0	0.0193543	0.0661611	4.42153	228.452	7.698789E-01	465
5	86653508	rs1973017	C	T	329	0.353763	0	0.0188952	0.0673283	4.16827	220.599	7.789845E-01	465
5	86654813	rs16902632	C	T	315	0.33871	0	0.026665	0.067115	5.91973	222.004	6.911440E-01	465
5	86656090	rs62368950	C	T	98	0.105376	0	-0.0770513	0.104065	-7.11497	92.3407	4.590468E-01	465
5	86656964	rs4421140	T	C	190	0.204301	0	-0.0160287	0.0790348	-2.56603	160.09	8.392867E-01	465
5	86663270	rs2923742	T	C	63	0.0677419	0	0.311691	0.130078	18.4212	59.101	1.656655E-02	465
5	86670970	rs10067098	T	C	414	0.445161	0	-0.0812873	0.0645509	-19.5082	239.991	2.079315E-01	465
5	86677220	rs3827607	G	A	374	0.402151	0	-0.0846334	0.0654128	-19.7795	233.708	1.957223E-01	465
5	86685558	rs72783711	A	C	127	0.136559	0	0.0611308	0.0906757	7.43496	121.624	5.002032E-01	465
5	86695274	rs2230641	A	G	184	0.197849	0	-0.0157627	0.0814286	-2.37726	150.816	8.465070E-01	465
5	86697387	rs3093816	A	G	340	0.365591	0	0.0103018	0.0665441	2.32646	225.83	8.769696E-01	465
5	86699541	rs3093809	A	G	114	0.122581	0	0.128138	0.0939593	14.5144	113.271	1.726413E-01	465
5	86710074	rs116454645	A	C	93	0.1	0	-0.0409617	0.105785	-3.66044	89.3624	6.985948E-01	465
5	86714840	rs10065575	G	A	412	0.443011	0	-0.100189	0.0640733	-24.4043	243.582	1.178962E-01	465
5	86721304	rs2641385	A	C	63	0.0677419	0	0.311691	0.130078	18.4212	59.101	1.656655E-02	465
5	86727027	rs7702514	C	T	106	0.113978	0	0.144667	0.0985592	14.8928	102.945	1.421525E-01	465
5	86734184	rs62368955	A	C	187	0.201075	0	-0.0338325	0.0801999	-5.26002	155.472	6.731325E-01	465
5	86735368	rs62368956	G	A	186	0.2	0	-0.0291827	0.0802515	-4.53126	155.272	7.161263E-01	465
5	86738344	rs4428447	A	G	108	0.116129	0	0.139154	0.0980409	14.4771	104.037	1.557964E-01	465
5	86749658	rs62367571	A	G	189	0.203226	0	-0.033468	0.0801003	-5.21629	155.859	6.760740E-01	465
5	86750847	rs7704035	C	T	121	0.130108	0	0.0656241	0.0941855	7.39768	112.728	4.859567E-01	465
5	86767630	rs7728691	G	A	133	0.143011	0	0.0466372	0.0919669	5.51402	118.232	6.120791E-01	465
5	86774931	rs4605823	T	G	134	0.144086	0	0.04141	0.0918	4.91382	118.663	6.519255E-01	465
5	86779121	rs112755386	G	A	51	0.0548387	0	0.154391	0.13872	8.02309	51.9661	2.657234E-01	465
5	86803812	rs34734977	C	T	128	0.137634	0	0.0299065	0.0936614	3.40914	113.993	7.494954E-01	465
5	87405162	rs13357535	G	A	218	0.234409	0	-0.0797633	0.0737657	-14.6587	183.777	2.795608E-01	465
5	87412600	rs12187018	G	A	58	0.0623656	0	0.153282	0.13201	8.79588	57.3836	2.455840E-01	465
5	87415955	rs56270757	C	T	54	0.0580645	0	0.150724	0.14104	7.57693	50.2704	2.852255E-01	465
5	87421345	rs10040137	G	A	215	0.231183	0	-0.0779651	0.0742175	-14.1543	181.547	2.934906E-01	465
5	87423413	rs72770076	C	T	51	0.0548387	0	0.180713	0.144454	8.6602	47.9225	2.109335E-01	465
5	87430302	rs17286052	A	G	112	0.12043	0	0.051139	0.0979897	5.32588	104.145	6.017528E-01	465
5	87430946	rs10214259	G	A	217	0.233333	0	-0.067151	0.07298	-12.608	187.755	3.575054E-01	465
5	87432646	rs13180638	G	A	42	0.0451613	0	-0.094267	0.156856	-3.8314	40.6442	5.478546E-01	465
5	87434054	rs1816739	A	G	216	0.232258	0	-0.0750207	0.0733899	-13.9286	185.664	3.066763E-01	465
5	87434708	rs10065580	A	C	217	0.233333	0	-0.0782241	0.0733761	-14.5288	185.734	2.863920E-01	465
5	87435486	rs10514297	T	C	217	0.233333	0	-0.0782241	0.0733761	-14.5288	185.734	2.863920E-01	465
5	87437764	rs71637297	C	T	43	0.0462366	0	-0.0896238	0.155286	-3.71672	41.4703	5.638355E-01	465
5	87457441	rs10061672	G	A	131	0.14086	0	0.0690308	0.090012	8.52005	123.424	4.431369E-01	465
5	87457822	rs2162713	C	T	128	0.137634	0	0.0959099	0.0920431	11.3209	118.037	2.974070E-01	465
5	87457922	rs10067455	T	G	160	0.172043	0	0.000427494	0.0793914	0.0678239	158.655	9.957037E-01	465
5	87458278	rs919238	G	A	128	0.137634	0	0.0959099	0.0920431	11.3209	118.037	2.974070E-01	465
5	87466943	rs4298283	T	C	141	0.151613	0	0.0491245	0.0871501	6.46788	131.663	5.729741E-01	465
5	87470240	rs6452775	T	G	103	0.110753	0	0.0659756	0.0993682	6.68172	101.276	5.067217E-01	465
5	87472212	rs6452776	T	C	159	0.170968	0	-0.00207478	0.0794709	-0.328516	158.337	9.791716E-01	465
5	87476940	rs10074260	C	T	159	0.170968	0	-0.00207478	0.0794709	-0.328516	158.337	9.791716E-01	465
5	87479906	rs6452777	G	A	127	0.136559	0	0.0992113	0.0922216	11.6653	117.58	2.820201E-01	465
5	87485064	rs1133152	G	A	138	0.148387	0	0.0216555	0.0904014	2.64984	122.363	8.106800E-01	465
5	87485145	rs2162714	C	T	144	0.154839	0	0.0060157	0.0848487	0.835595	138.902	9.434780E-01	465
5	87486787	rs115512170	A	C	53	0.0569892	0	0.0959478	0.136672	5.13663	53.5357	4.826594E-01	465
5	87487318	rs357511	T	C	128	0.137634	0	0.0904684	0.0920431	10.6786	118.037	3.256606E-01	465
5	87487967	rs357508	C	A	123	0.132258	0	0.0759577	0.0929637	8.78912	115.711	4.138892E-01	465
5	87489270	rs357507	A	G	145	0.155914	0	0.00595191	0.0841237	0.841044	141.307	9.435953E-01	465
5	87492891	rs358294	C	T	144	0.154839	0	0.0060157	0.0848487	0.835595	138.902	9.434780E-01	465
5	87495504	rs358288	A	G	143	0.153763	0	0.0131558	0.0849671	1.82229	138.515	8.769518E-01	465
5	87497612	rs28505226	T	C	128	0.137634	0	0.0864777	0.0928417	10.0327	116.015	3.516192E-01	465
5	87501223	rs357514	A	G	148	0.15914	0	-0.0245181	0.0837918	-3.49208	142.428	7.698221E-01	465
5	87503631	rs357516	C	T	127	0.136559	0	0.0992113	0.0922216	11.6653	117.58	2.820201E-01	465
5	87504483	rs357517	A	G	128	0.137634	0	0.0904684	0.0920431	10.6786	118.037	3.256606E-01	465
5	87506623	rs115873146	G	A	52	0.055914	0	0.199259	0.143282	9.70581	48.7095	1.643249E-01	465
5	87506937	rs168570	T	G	128	0.137634	0	0.0904684	0.0920431	10.6786	118.037	3.256606E-01	465
5	87507052	rs357518	A	G	128	0.137634	0	0.0904684	0.0920431	10.6786	118.037	3.256606E-01	465
5	87507067	rs184826	T	C	128	0.137634	0	0.0904684	0.0920431	10.6786	118.037	3.256606E-01	465
5	87510854	rs357519	A	C	128	0.137634	0	0.0904684	0.0920431	10.6786	118.037	3.256606E-01	465
5	87522417	rs17468356	T	C	71	0.0763441	0	0.105346	0.120472	7.25848	68.9011	3.818758E-01	465
5	87545044	rs35541151	T	C	43	0.0462366	0	-0.064112	0.155286	-2.65874	41.4703	6.797059E-01	465
5	87572026	rs12163987	A	G	216	0.232258	0	0.045965	0.0746188	8.25526	179.599	5.378959E-01	465
5	87576769	rs12657757	T	C	252	0.270968	0	-0.00523863	0.0704289	-1.05613	201.603	9.407066E-01	465
5	87576797	rs12655529	C	A	250	0.268817	0	-0.00201099	0.0707562	-0.401681	199.742	9.773260E-01	465
5	87581588	rs4916897	A	C	253	0.272043	0	-0.00694995	0.0704441	-1.40053	201.516	9.214090E-01	465
5	87582787	rs17481705	G	A	64	0.0688172	0	0.113837	0.125118	7.27182	63.8793	3.629093E-01	465
5	87585667	rs76726500	A	G	47	0.0505376	0	0.30452	0.149518	13.6216	44.7312	4.168267E-02	465
5	87586062	rs4916898	G	A	253	0.272043	0	-0.00651469	0.0708002	-1.29965	199.495	9.266860E-01	465
5	87588026	rs4916899	A	G	254	0.273118	0	-0.00487532	0.0701091	-0.991868	203.447	9.445606E-01	465
5	87588420	rs16903057	T	C	217	0.233333	0	0.0410145	0.0746044	7.36901	179.668	5.824838E-01	465
5	87589006	rs34241164	A	G	218	0.234409	0	0.0356545	0.0745909	6.40831	179.733	6.326491E-01	465
5	87590501	rs13167796	G	A	219	0.235484	0	0.0386914	0.0741624	7.03472	181.816	6.018712E-01	465
5	87590947	rs13172095	G	A	253	0.272043	0	-0.00694995	0.0704441	-1.40053	201.516	9.214090E-01	465
5	87592237	rs13177755	C	T	216	0.232258	0	0.0217218	0.0754733	3.81337	175.555	7.734942E-01	465
5	87593289	rs12659252	G	A	254	0.273118	0	-0.0110435	0.0704601	-2.22443	201.425	8.754546E-01	465
5	87597012	rs1367233	A	G	227	0.244086	0	0.0583841	0.0740951	10.6345	182.147	4.307190E-01	465
5	87600719	rs13155030	A	C	44	0.0473118	0	-0.0597684	0.157582	-2.40689	40.2702	7.044773E-01	465
5	87601393	rs13159835	A	G	218	0.234409	0	0.0359337	0.0745909	6.45849	179.733	6.299876E-01	465
5	87601619	rs4916717	G	A	227	0.244086	0	0.0583841	0.0740951	10.6345	182.147	4.307190E-01	465
5	87602372	rs6872223	A	G	254	0.273118	0	-0.0110435	0.0704601	-2.22443	201.425	8.754546E-01	465
5	87603572	rs147762489	C	T	222	0.23871	0	0.0233233	0.0741305	4.2442	181.973	7.530468E-01	465
5	87604588	rs4382978	A	G	228	0.245161	0	0.0531035	0.0740907	9.67377	182.168	4.735368E-01	465
5	87606209	rs12659578	A	C	217	0.233333	0	0.0410145	0.0746044	7.36901	179.668	5.824838E-01	465
5	87609135	rs141354585	G	A	71	0.0763441	0	0.105346	0.120472	7.25848	68.9011	3.818758E-01	465
5	87609356	rs2121102	A	G	249	0.267742	0	-0.0377038	0.0718419	-7.30515	193.751	5.997113E-01	465
5	87609915	rs10942528	T	C	216	0.232258	0	0.0417607	0.0746188	7.50016	179.599	5.757162E-01	465
5	87611364	rs60331678	G	A	216	0.232258	0	0.0417607	0.0746188	7.50016	179.599	5.757162E-01	465
5	87611688	rs10462333	G	T	216	0.232258	0	0.0417607	0.0746188	7.50016	179.599	5.757162E-01	465
5	87612642	rs4916718	C	T	252	0.270968	0	0.000699221	0.0704289	0.140965	201.603	9.920787E-01	465
5	87618065	rs6872897	A	G	216	0.232258	0	0.0417607	0.0746188	7.50016	179.599	5.757162E-01	465
5	87618825	rs16903077	G	A	218	0.234409	0	0.0441076	0.0737657	8.10596	183.777	5.498789E-01	465
5	87618838	rs13167167	A	G	43	0.0462366	0	-0.0555659	0.155286	-2.30433	41.4703	7.204708E-01	465
5	87620670	rs2305104	T	C	226	0.243011	0	0.0591126	0.0741004	10.7656	182.12	4.250234E-01	465
5	87623661	rs4916719	C	T	240	0.258065	0	0.0293246	0.0721314	5.63615	192.199	6.843433E-01	465
5	87628801	rs11741675	T	G	243	0.26129	0	0.0207158	0.0717767	4.02101	194.103	7.728761E-01	465
5	87634597	rs4916904	G	A	243	0.26129	0	0.0207158	0.0717767	4.02101	194.103	7.728761E-01	465
5	87639971	rs78909929	A	G	253	0.272043	0	-0.0103877	0.0704441	-2.09328	201.516	8.827693E-01	465
5	87642469	rs10462472	A	G	216	0.232258	0	0.0417607	0.0746188	7.50016	179.599	5.757162E-01	465
5	87646127	rs71639107	A	G	215	0.231183	0	0.0443751	0.075058	7.87671	177.503	5.543794E-01	465
5	87649879	rs113828108	A	G	230	0.247312	0	0.0359302	0.0732759	6.69172	186.242	6.238923E-01	465
5	87650585	rs11748762	G	A	81	0.0870968	0	0.0874283	0.110586	7.14909	81.7709	4.291833E-01	465
5	87650635	rs11748768	G	A	240	0.258065	0	0.0128191	0.0721314	2.46382	192.199	8.589438E-01	465
5	87650742	rs11748798	G	T	216	0.232258	0	0.0417607	0.0746188	7.50016	179.599	5.757162E-01	465
5	87652072	rs11750391	C	T	243	0.26129	0	0.0207158	0.0717767	4.02101	194.103	7.728761E-01	465
5	87652128	rs11740836	T	C	216	0.232258	0	0.0417607	0.0746188	7.50016	179.599	5.757162E-01	465
5	87653025	rs13154590	A	G	219	0.235484	0	0.0382983	0.0741624	6.96324	181.816	6.055676E-01	465
5	87653036	rs72771828	T	G	135	0.145161	0	0.119629	0.0886742	15.214	127.176	1.773089E-01	465
5	87653166	rs62369795	C	A	135	0.145161	0	0.119629	0.0886742	15.214	127.176	1.773089E-01	465
5	87654656	rs2115884	A	G	216	0.232258	0	0.0417607	0.0746188	7.50016	179.599	5.757162E-01	465
5	87654927	rs17318496	A	G	135	0.145161	0	0.119629	0.0886742	15.214	127.176	1.773089E-01	465
5	87655662	rs12515274	G	A	225	0.241935	0	0.0489414	0.0741066	8.91173	182.09	5.089853E-01	465
5	87656101	rs35339529	A	G	243	0.26129	0	0.00363799	0.0717767	0.706145	194.103	9.595767E-01	465
5	87658061	rs4916905	A	G	241	0.25914	0	0.0107093	0.072138	2.05793	192.164	8.819836E-01	465
5	87659980	rs4916907	T	G	222	0.23871	0	0.0535614	0.0741305	9.74671	181.973	4.699697E-01	465
5	87661406	rs13189889	T	C	214	0.230108	0	0.029833	0.0746505	5.35342	179.446	6.894251E-01	465
5	87661593	rs12657776	A	G	225	0.241935	0	0.0464503	0.0741066	8.45813	182.09	5.307880E-01	465
5	87663610	rs10514299	C	T	215	0.231183	0	0.0314513	0.0746342	5.64628	179.525	6.734591E-01	465
